timestamp,outside_t,outside_h,outside_c,outside_p,outside_a,outside_v,room1_sensor1_t,room1_sensor1_h,room1_sensor1_c,room1_sensor1_p,room1_sensor1_a,room1_sensor1_v,room1_sensor2_t,room1_sensor2_h,room1_sensor2_c,room1_sensor2_p,room1_sensor2_a,room1_sensor2_v,supply_t,supply_h,supply_c,supply_p,supply_a,supply_v,return_t,return_h,return_c,return_p,return_a,return_v,mixed_t,mixed_h,mixed_c,mixed_p,mixed_a,mixed_v,cooler_t,cooler_h,cooler_c,cooler_p,cooler_a,cooler_v,heated_t,heated_h,heated_c,heated_p,heated_a,heated_v,mixer,fan,flowrate,coolerState,heaterState,humidifierState
2026-07-02T11:41:35.155Z,30.564,68.546,474,0,1,58,27.73,69.922,0,952.828,0,0,30.644,72.283,604,0,2,135,30.216,71.091,426,0,1,35,31.67,65.64,493,0,2,68,0,0,0,0,0,0,0,0,0,0,0,0,0,0,0,0,0,0,48,60,2118,1,0,0
2026-07-02T11:41:45.155Z,30.641,68.341,504,0,2,74,27.745,69.83,0,952.823,0,0,30.701,72.056,500,0,2,72,30.167,70.851,429,0,1,37,31.548,65.754,483,0,1,63,0,0,0,0,0,0,0,0,0,0,0,0,0,0,0,0,0,0,48,60,2146,1,0,0
2026-07-02T11:41:55.157Z,30.701,68.373,430,0,1,37,27.745,69.923,0,952.823,0,0,30.706,72.017,484,0,1,64,30.167,70.601,414,0,1,30,31.566,65.695,451,0,1,47,0,0,0,0,0,0,0,0,0,0,0,0,0,0,0,0,0,0,48,60,2126,1,0,0
2026-07-02T11:42:05.156Z,30.827,68.34,424,0,1,34,27.74,69.986,0,952.816,0,0,30.784,72.185,456,0,1,50,30.252,70.537,437,0,1,40,31.581,65.924,422,0,1,33,0,0,0,0,0,0,0,0,0,0,0,0,0,0,0,0,0,0,48,60,2136,1,0,0
2026-07-02T11:42:15.157Z,30.837,68.226,433,0,1,38,27.735,70.206,0,952.836,0,0,30.788,72.12,447,0,1,45,30.33,70.526,415,0,1,30,31.584,66.159,429,0,1,37,0,0,0,0,0,0,0,0,0,0,0,0,0,0,0,0,0,0,48,60,2158,1,0,0
2026-07-02T11:42:25.157Z,30.877,67.828,424,0,1,34,27.73,70.096,0,952.8,0,0,30.752,71.839,415,0,1,30,30.321,69.967,427,0,1,36,31.605,66.024,434,0,1,39,0,0,0,0,0,0,0,0,0,0,0,0,0,0,0,0,0,0,48,60,2142,1,0,0
2026-07-02T11:42:35.157Z,30.902,67.123,426,0,1,35,27.725,69.713,0,952.848,0,0,30.798,71.08,415,0,1,30,30.351,69.238,402,0,1,24,31.549,65.535,440,0,1,42,0,0,0,0,0,0,0,0,0,0,0,0,0,0,0,0,0,0,48,60,2124,1,0,0
2026-07-02T11:42:45.156Z,30.94,66.286,413,0,1,29,27.725,68.863,0,952.82,0,0,30.819,70.435,418,0,1,31,30.413,68.707,418,0,1,32,31.462,65.306,421,0,1,33,0,0,0,0,0,0,0,0,0,0,0,0,0,0,0,0,0,0,48,60,2146,1,0,0
2026-07-02T11:42:55.156Z,30.958,66.38,429,0,1,37,27.72,68.787,0,952.84,0,0,30.8,70.19,442,0,1,43,30.45,68.293,405,0,1,26,31.414,65.273,416,0,1,31,0,0,0,0,0,0,0,0,0,0,0,0,0,0,0,0,0,0,48,60,2149,1,0,0
2026-07-02T11:43:05.157Z,30.968,66.419,433,0,1,39,27.725,68.736,0,952.82,0,0,30.837,70.128,421,0,1,33,30.461,67.841,409,0,1,28,31.357,65.216,415,0,1,30,0,0,0,0,0,0,0,0,0,0,0,0,0,0,0,0,0,0,48,60,2172,1,0,0
2026-07-02T11:43:15.157Z,30.996,66.191,427,0,1,36,27.72,68.648,0,952.812,0,0,30.923,69.935,449,0,1,46,30.502,67.913,402,0,1,25,31.387,65.263,421,0,1,33,0,0,0,0,0,0,0,0,0,0,0,0,0,0,0,0,0,0,48,60,2123,1,0,0
2026-07-02T11:43:25.157Z,31.053,66.096,445,0,1,44,27.72,68.701,0,952.868,0,0,30.976,70.012,436,0,1,40,30.526,67.95,432,0,1,38,31.422,65.209,423,0,1,34,0,0,0,0,0,0,0,0,0,0,0,0,0,0,0,0,0,0,48,60,2143,1,0,0
2026-07-02T11:43:35.158Z,31.044,65.765,404,0,1,25,27.73,68.724,0,952.856,0,0,30.953,69.601,414,0,1,30,30.538,67.84,421,0,1,33,31.437,65.069,404,0,1,25,0,0,0,0,0,0,0,0,0,0,0,0,0,0,0,0,0,0,48,60,2130,1,0,0
2026-07-02T11:43:45.158Z,31.063,65.449,400,0,1,18,27.73,68.383,0,952.8,0,0,30.906,69.398,437,0,1,40,30.579,67.757,402,0,1,25,31.508,64.824,408,0,1,27,0,0,0,0,0,0,0,0,0,0,0,0,0,0,0,0,0,0,48,60,2138,1,0,0
2026-07-02T11:43:55.158Z,31.113,65.464,427,0,1,36,27.725,68.539,0,952.848,0,0,30.947,69.641,430,0,1,37,30.592,67.78,400,0,1,21,31.605,64.828,426,0,1,35,0,0,0,0,0,0,0,0,0,0,0,0,0,0,0,0,0,0,48,60,2134,1,0,0
2026-07-02T11:44:05.158Z,31.161,65.646,456,0,1,50,27.725,68.608,0,952.848,0,0,30.967,69.544,409,0,1,28,30.613,67.426,417,0,1,31,31.66,64.736,425,0,1,35,0,0,0,0,0,0,0,0,0,0,0,0,0,0,0,0,0,0,48,60,2163,1,0,0
2026-07-02T11:44:15.159Z,31.179,65.417,436,0,1,40,27.73,68.637,0,952.772,0,0,31.003,69.473,446,0,1,45,30.643,67.811,426,0,1,35,31.659,64.429,450,0,1,47,0,0,0,0,0,0,0,0,0,0,0,0,0,0,0,0,0,0,48,60,2142,1,0,0
2026-07-02T11:44:25.159Z,31.224,65.324,426,0,1,35,27.73,68.47,0,952.8,0,0,31.06,69.188,433,0,1,39,30.62,67.383,421,0,1,33,31.668,64.336,436,0,1,40,0,0,0,0,0,0,0,0,0,0,0,0,0,0,0,0,0,0,48,60,2139,1,0,0
2026-07-02T11:44:35.159Z,31.241,65.099,439,0,1,41,27.735,68.331,0,952.808,0,0,31.061,69.274,445,0,1,44,30.613,67.345,421,0,1,33,31.697,64.247,444,0,1,44,0,0,0,0,0,0,0,0,0,0,0,0,0,0,0,0,0,0,48,60,2141,1,0,0
2026-07-02T11:44:45.176Z,31.258,65.063,448,0,1,46,27.74,68.43,0,952.816,0,0,31.031,69.361,435,0,1,40,30.609,67.061,411,0,1,29,31.699,64.241,434,0,1,39,0,0,0,0,0,0,0,0,0,0,0,0,0,0,0,0,0,0,48,60,2128,1,0,0
2026-07-02T11:44:55.225Z,31.311,65.027,435,0,1,40,27.735,68.615,0,952.864,0,0,31.096,69.322,419,0,1,32,30.584,67.529,435,0,1,39,31.655,64.351,418,0,1,32,0,0,0,0,0,0,0,0,0,0,0,0,0,0,0,0,0,0,48,60,2144,1,0,0
2026-07-02T11:45:05.272Z,31.269,64.925,416,0,1,31,27.745,68.471,0,952.907,0,0,31.117,69.272,436,0,1,40,30.623,67.515,426,0,1,35,31.647,64.391,422,0,1,33,0,0,0,0,0,0,0,0,0,0,0,0,0,0,0,0,0,0,48,60,2174,1,0,0
2026-07-02T11:45:15.322Z,31.276,64.445,420,0,1,32,27.725,68.087,0,952.848,0,0,30.975,68.651,454,0,1,49,30.649,68.325,448,0,1,46,31.63,64.1,400,0,1,24,0,0,0,0,0,0,0,0,0,0,0,0,0,0,0,0,0,0,48,60,2142,1,0,0
2026-07-02T11:45:25.387Z,31.304,64.617,424,0,1,35,27.725,67.995,0,952.82,0,0,31.054,68.747,433,0,1,38,30.66,68.15,427,0,1,36,31.604,64.025,420,0,1,33,0,0,0,0,0,0,0,0,0,0,0,0,0,0,0,0,0,0,48,60,2135,1,0,0
2026-07-02T11:45:35.537Z,31.325,64.488,419,0,1,32,27.725,67.995,0,952.848,0,0,31.111,68.675,434,0,1,39,30.701,67.579,426,0,1,35,31.584,64.095,425,0,1,35,0,0,0,0,0,0,0,0,0,0,0,0,0,0,0,0,0,0,48,60,2147,1,0,0
2026-07-02T11:45:45.602Z,31.329,64.274,436,0,1,40,27.72,67.85,0,952.784,0,0,31.105,68.421,428,0,1,36,30.691,67.19,400,0,1,23,31.551,64.242,440,0,1,42,0,0,0,0,0,0,0,0,0,0,0,0,0,0,0,0,0,0,48,60,2151,1,0,0
2026-07-02T11:45:55.667Z,31.373,64.253,454,0,1,48,27.73,67.81,0,952.856,0,0,31.103,68.464,424,0,1,34,30.678,66.948,426,0,1,35,31.549,64.152,431,0,1,38,0,0,0,0,0,0,0,0,0,0,0,0,0,0,0,0,0,0,48,60,2146,1,0,0
2026-07-02T11:46:05.718Z,31.387,64.539,430,0,1,37,27.72,67.774,0,952.784,0,0,31.143,68.738,449,0,1,46,30.651,66.836,419,0,1,32,31.617,64.103,434,0,1,39,0,0,0,0,0,0,0,0,0,0,0,0,0,0,0,0,0,0,48,60,2157,1,0,0
2026-07-02T11:46:15.782Z,31.416,64.477,414,0,1,30,27.72,68.0,0,952.812,0,0,31.158,68.964,423,0,1,34,30.628,66.834,419,0,1,32,31.622,64.078,450,0,1,47,0,0,0,0,0,0,0,0,0,0,0,0,0,0,0,0,0,0,48,60,2133,1,0,0
2026-07-02T11:46:25.865Z,31.477,64.56,422,0,1,34,27.735,68.198,0,952.864,0,0,31.179,68.931,448,0,1,46,30.624,67.027,428,0,1,36,31.568,64.26,421,0,1,33,0,0,0,0,0,0,0,0,0,0,0,0,0,0,0,0,0,0,48,60,2140,1,0,0
2026-07-02T11:46:35.946Z,31.503,64.423,441,0,1,42,27.735,68.331,0,952.864,0,0,31.142,68.827,426,0,1,36,30.615,66.867,407,0,1,27,31.606,64.208,442,0,1,43,0,0,0,0,0,0,0,0,0,0,0,0,0,0,0,0,0,0,48,60,2128,1,0,0
2026-07-02T11:46:46.014Z,31.52,64.149,446,0,1,45,27.72,68.087,0,952.84,0,0,31.138,68.637,452,0,1,47,30.613,67.322,420,0,1,33,31.583,64.211,434,0,1,39,0,0,0,0,0,0,0,0,0,0,0,0,0,0,0,0,0,0,48,60,2151,1,0,0
2026-07-02T11:46:56.021Z,31.437,64.552,445,0,1,44,27.73,68.348,0,952.856,0,0,31.032,69.29,460,0,1,51,30.517,68.193,462,0,1,52,31.631,64.466,462,0,1,52,0,0,0,0,0,0,0,0,0,0,0,0,0,0,0,0,0,0,48,60,2153,1,0,0
2026-07-02T11:47:06.021Z,31.482,65.107,479,0,1,61,27.73,69.338,0,952.8,0,0,31.032,69.963,499,0,2,71,30.452,68.801,465,0,1,54,31.651,64.998,760,0,3,258,0,0,0,0,0,0,0,0,0,0,0,0,0,0,0,0,0,0,48,60,2131,1,0,0
2026-07-02T11:47:16.021Z,31.473,64.705,441,0,1,42,27.715,67.913,0,952.832,0,0,30.961,69.454,461,0,1,52,30.318,69.153,459,0,1,51,31.747,64.698,440,0,1,42,0,0,0,0,0,0,0,0,0,0,0,0,0,0,0,0,0,0,48,60,2123,1,0,0
2026-07-02T11:47:26.021Z,31.514,64.189,441,0,1,42,27.705,67.924,0,952.817,0,0,31.01,69.202,443,0,1,43,30.292,69.714,463,0,1,53,31.781,64.231,430,0,1,37,0,0,0,0,0,0,0,0,0,0,0,0,0,0,0,0,0,0,48,60,2151,1,0,0
2026-07-02T11:47:36.022Z,31.484,64.306,420,0,1,33,27.715,68.376,0,952.832,0,0,31.001,69.474,445,0,1,44,30.436,69.305,443,0,1,43,31.755,64.218,440,0,1,42,0,0,0,0,0,0,0,0,0,0,0,0,0,0,0,0,0,0,48,60,2128,1,0,0
2026-07-02T11:47:46.021Z,31.507,64.303,456,0,1,50,27.715,68.515,0,952.86,0,0,31.051,69.541,429,0,1,37,30.431,68.969,450,0,1,47,31.777,64.198,441,0,1,42,0,0,0,0,0,0,0,0,0,0,0,0,0,0,0,0,0,0,48,60,2159,1,0,0
2026-07-02T11:47:56.021Z,31.492,64.481,444,0,1,44,27.71,68.515,0,952.769,0,0,31.047,69.608,477,0,1,60,30.444,68.955,456,0,1,49,31.782,64.17,442,0,1,43,0,0,0,0,0,0,0,0,0,0,0,0,0,0,0,0,0,0,48,60,2144,1,0,0
2026-07-02T11:48:06.021Z,31.455,64.671,447,0,1,45,27.71,68.694,0,952.88,0,0,31.058,69.816,451,0,1,47,30.419,68.641,429,0,1,37,31.784,64.244,430,0,1,37,0,0,0,0,0,0,0,0,0,0,0,0,0,0,0,0,0,0,48,60,2144,1,0,0
2026-07-02T11:48:16.022Z,31.479,64.604,430,0,1,37,27.71,68.74,0,952.88,0,0,31.123,69.742,460,0,1,51,30.435,68.744,450,0,1,46,31.754,64.234,433,0,1,38,0,0,0,0,0,0,0,0,0,0,0,0,0,0,0,0,0,0,48,60,2160,1,0,0
2026-07-02T11:48:26.022Z,31.495,64.289,452,0,1,48,27.71,68.723,0,952.852,0,0,31.119,69.41,472,0,1,57,30.444,68.744,466,0,1,55,31.788,64.29,457,0,1,50,0,0,0,0,0,0,0,0,0,0,0,0,0,0,0,0,0,0,48,60,2147,1,0,0
2026-07-02T11:48:36.022Z,31.515,64.165,464,0,1,53,27.715,68.66,0,952.888,0,0,31.109,69.286,455,0,1,49,30.492,68.81,463,0,1,53,31.863,64.275,450,0,1,47,0,0,0,0,0,0,0,0,0,0,0,0,0,0,0,0,0,0,48,60,2142,1,0,0
2026-07-02T11:48:46.047Z,31.509,64.244,442,0,1,43,27.705,68.572,0,952.872,0,0,31.086,69.224,449,0,1,46,30.424,68.702,461,0,1,52,31.836,64.151,446,0,1,45,0,0,0,0,0,0,0,0,0,0,0,0,0,0,0,0,0,0,48,60,2131,1,0,0
2026-07-02T11:48:56.047Z,31.478,64.095,432,0,1,38,27.7,68.364,0,952.893,0,0,31.02,68.951,435,0,1,39,30.466,68.732,471,0,1,57,31.759,64.03,439,0,1,41,0,0,0,0,0,0,0,0,0,0,0,0,0,0,0,0,0,0,48,60,2163,1,0,0
2026-07-02T11:49:06.048Z,31.49,63.867,444,0,1,44,27.695,67.923,0,952.885,0,0,30.978,68.686,426,0,1,35,30.453,68.259,445,0,1,44,31.713,63.722,417,0,1,31,0,0,0,0,0,0,0,0,0,0,0,0,0,0,0,0,0,0,48,60,2155,1,0,0
2026-07-02T11:49:16.047Z,31.528,64.06,446,0,1,45,27.695,67.889,0,952.913,0,0,31.046,68.829,432,0,1,38,30.415,68.574,442,0,1,43,31.765,63.786,407,0,1,27,0,0,0,0,0,0,0,0,0,0,0,0,0,0,0,0,0,0,48,60,2170,1,0,0
2026-07-02T11:49:26.048Z,31.525,63.877,439,0,1,41,27.7,68.045,0,952.865,0,0,31.141,68.964,466,0,1,55,30.439,68.806,465,0,1,54,31.776,63.799,448,0,1,46,0,0,0,0,0,0,0,0,0,0,0,0,0,0,0,0,0,0,48,60,2160,1,0,0
2026-07-02T11:49:36.048Z,31.548,63.797,461,0,1,52,27.695,68.08,0,952.857,0,0,31.201,68.728,416,0,1,31,30.478,68.806,448,0,1,46,31.844,63.777,435,0,1,40,0,0,0,0,0,0,0,0,0,0,0,0,0,0,0,0,0,0,48,60,2142,1,0,0
2026-07-02T11:49:46.048Z,31.526,64.14,434,0,1,39,27.695,68.282,0,952.829,0,0,31.198,68.881,458,0,1,51,30.448,68.606,449,0,1,46,31.828,63.809,448,0,1,46,0,0,0,0,0,0,0,0,0,0,0,0,0,0,0,0,0,0,48,60,2146,1,0,0
2026-07-02T11:49:56.049Z,31.508,64.333,452,0,1,48,27.705,68.607,0,952.9,0,0,31.132,69.223,450,0,1,47,30.346,68.663,469,0,1,56,31.79,63.984,463,0,1,53,0,0,0,0,0,0,0,0,0,0,0,0,0,0,0,0,0,0,48,60,2128,1,0,0
2026-07-02T11:50:06.105Z,31.529,64.603,458,0,1,51,27.7,68.85,0,952.809,0,0,31.085,69.485,475,0,1,59,30.312,68.832,471,0,1,57,31.731,64.178,431,0,1,37,0,0,0,0,0,0,0,0,0,0,0,0,0,0,0,0,0,0,48,60,2149,1,0,0
2026-07-02T11:50:16.287Z,31.497,64.735,440,0,1,42,27.7,69.07,0,952.893,0,0,30.993,69.751,470,0,1,56,30.24,69.056,445,0,1,44,31.676,64.461,423,0,1,34,0,0,0,0,0,0,0,0,0,0,0,0,0,0,0,0,0,0,48,60,2131,1,0,0
2026-07-02T11:50:26.369Z,31.492,64.848,443,0,1,43,27.695,69.22,0,952.885,0,0,30.952,70.003,444,0,1,44,30.272,69.241,477,0,1,60,31.667,64.688,452,0,1,47,0,0,0,0,0,0,0,0,0,0,0,0,0,0,0,0,0,0,48,60,2157,1,0,0
2026-07-02T11:50:36.433Z,31.47,64.836,434,0,1,39,27.685,69.242,0,952.897,0,0,30.906,70.148,468,0,1,55,30.192,69.355,440,0,1,42,31.687,64.795,471,0,1,57,0,0,0,0,0,0,0,0,0,0,0,0,0,0,0,0,0,0,48,60,2154,1,0,0
2026-07-02T11:50:46.600Z,31.488,64.843,464,0,1,54,27.695,69.173,0,952.829,0,0,30.87,70.236,462,0,1,52,30.168,69.444,461,0,1,52,31.601,64.738,428,0,1,36,0,0,0,0,0,0,0,0,0,0,0,0,0,0,0,0,0,0,48,60,2159,1,0,0
2026-07-02T11:50:56.680Z,31.46,64.867,443,0,1,43,27.69,68.982,0,952.905,0,0,30.889,70.129,454,0,1,48,30.107,69.464,443,0,1,43,31.506,64.906,434,0,1,39,0,0,0,0,0,0,0,0,0,0,0,0,0,0,0,0,0,0,48,60,2131,1,0,0
2026-07-02T11:51:06.681Z,31.414,64.901,456,0,1,50,27.685,68.86,0,952.869,0,0,30.938,69.969,447,0,1,45,30.127,69.325,448,0,1,46,31.46,64.921,433,0,1,38,0,0,0,0,0,0,0,0,0,0,0,0,0,0,0,0,0,0,48,60,2159,1,0,0
2026-07-02T11:51:16.864Z,31.38,64.955,430,0,1,37,27.685,68.901,0,952.897,0,0,30.937,69.942,456,0,1,50,30.146,69.403,442,0,1,43,31.4,64.905,438,0,1,41,0,0,0,0,0,0,0,0,0,0,0,0,0,0,0,0,0,0,48,60,2131,1,0,0
2026-07-02T11:51:26.912Z,31.386,64.854,434,0,1,39,27.685,68.531,0,952.925,0,0,30.927,69.609,434,0,1,39,30.154,69.132,433,0,1,39,31.355,64.977,441,0,1,42,0,0,0,0,0,0,0,0,0,0,0,0,0,0,0,0,0,0,48,60,2147,1,0,0
2026-07-02T11:51:36.912Z,31.426,64.359,426,0,1,35,27.68,68.403,0,953.001,0,0,30.879,69.328,424,0,1,34,30.169,69.076,432,0,1,38,31.335,65.062,426,0,1,35,0,0,0,0,0,0,0,0,0,0,0,0,0,0,0,0,0,0,48,60,2123,1,0,0
2026-07-02T11:51:46.912Z,31.4,64.247,454,0,1,48,27.68,68.333,0,952.889,0,0,30.893,69.337,450,0,1,47,30.225,69.127,486,0,2,65,31.231,65.388,432,0,1,38,0,0,0,0,0,0,0,0,0,0,0,0,0,0,0,0,0,0,48,60,2163,1,0,0
2026-07-02T11:51:56.913Z,31.402,64.671,457,0,1,50,27.69,68.687,0,952.905,0,0,30.861,69.879,427,0,1,36,30.321,69.215,445,0,1,44,31.32,65.483,430,0,1,37,0,0,0,0,0,0,0,0,0,0,0,0,0,0,0,0,0,0,48,60,2134,1,0,0
2026-07-02T11:52:06.913Z,31.414,64.87,457,0,1,50,27.685,68.814,0,952.925,0,0,30.907,70.237,438,0,1,41,30.335,68.933,432,0,1,38,31.393,65.492,432,0,1,38,0,0,0,0,0,0,0,0,0,0,0,0,0,0,0,0,0,0,48,60,2127,1,0,0
2026-07-02T11:52:16.913Z,31.352,64.374,453,0,1,48,27.695,68.543,0,952.94,0,0,30.87,69.576,460,0,1,51,30.359,68.594,438,0,1,41,31.4,64.993,449,0,1,46,0,0,0,0,0,0,0,0,0,0,0,0,0,0,0,0,0,0,48,60,2158,1,0,0
2026-07-02T11:52:26.914Z,31.397,64.184,432,0,1,38,27.685,68.322,0,952.953,0,0,30.822,69.353,403,0,1,25,30.423,68.595,436,0,1,40,31.393,64.795,420,0,1,33,0,0,0,0,0,0,0,0,0,0,0,0,0,0,0,0,0,0,48,60,2143,1,0,0
2026-07-02T11:52:36.913Z,31.361,64.12,438,0,1,41,27.685,68.224,0,952.897,0,0,30.838,69.39,440,0,1,42,30.45,68.494,425,0,1,35,31.418,64.669,452,0,1,48,0,0,0,0,0,0,0,0,0,0,0,0,0,0,0,0,0,0,48,60,2131,1,0,0
2026-07-02T11:52:46.914Z,31.343,64.492,447,0,1,45,27.69,68.276,0,952.849,0,0,30.808,70.004,456,0,1,50,30.441,68.534,450,0,1,46,31.487,64.77,439,0,1,42,0,0,0,0,0,0,0,0,0,0,0,0,0,0,0,0,0,0,48,60,2147,1,0,0
2026-07-02T11:52:56.913Z,31.351,64.94,444,0,1,44,27.695,68.601,0,952.857,0,0,30.829,70.317,448,0,1,46,30.449,68.593,442,0,1,43,31.602,64.942,440,0,1,42,0,0,0,0,0,0,0,0,0,0,0,0,0,0,0,0,0,0,48,60,2127,1,0,0
2026-07-02T11:53:06.915Z,31.39,64.711,451,0,1,47,27.69,68.641,0,952.877,0,0,30.857,70.266,448,0,1,46,30.383,68.813,442,0,1,43,31.61,64.803,463,0,1,53,0,0,0,0,0,0,0,0,0,0,0,0,0,0,0,0,0,0,48,60,2142,1,0,0
2026-07-02T11:53:16.915Z,31.402,65.242,438,0,1,41,27.68,68.999,0,952.917,0,0,30.853,70.589,454,0,1,48,30.318,68.883,458,0,1,50,31.603,64.918,462,0,1,52,0,0,0,0,0,0,0,0,0,0,0,0,0,0,0,0,0,0,48,60,2146,1,0,0
2026-07-02T11:53:26.914Z,31.425,65.245,467,0,1,55,27.68,69.103,0,952.833,0,0,30.924,70.528,447,0,1,45,30.394,69.191,427,0,1,36,31.636,65.022,442,0,1,43,0,0,0,0,0,0,0,0,0,0,0,0,0,0,0,0,0,0,48,60,2145,1,0,0
2026-07-02T11:53:36.914Z,31.424,64.844,449,0,1,46,27.67,68.842,0,952.846,0,0,30.993,70.394,455,0,1,49,30.367,69.087,438,0,1,41,31.649,64.953,462,0,1,52,0,0,0,0,0,0,0,0,0,0,0,0,0,0,0,0,0,0,48,60,2151,1,0,0
2026-07-02T11:53:46.914Z,31.501,64.448,443,0,1,43,27.665,68.309,0,952.866,0,0,31.049,69.744,441,0,1,42,30.34,68.869,447,0,1,45,31.724,64.729,438,0,1,41,0,0,0,0,0,0,0,0,0,0,0,0,0,0,0,0,0,0,48,60,2145,1,0,0
2026-07-02T11:53:56.915Z,31.507,64.124,447,0,1,45,27.675,68.611,0,952.909,0,0,30.99,69.147,432,0,1,38,30.332,68.614,421,0,1,33,31.739,64.258,444,0,1,44,0,0,0,0,0,0,0,0,0,0,0,0,0,0,0,0,0,0,48,60,2130,1,0,0
2026-07-02T11:54:06.915Z,31.482,63.882,451,0,1,47,27.665,68.396,0,952.838,0,0,31.037,69.038,449,0,1,46,30.324,68.693,425,0,1,35,31.712,64.069,438,0,1,41,0,0,0,0,0,0,0,0,0,0,0,0,0,0,0,0,0,0,48,60,2137,1,0,0
2026-07-02T11:54:16.915Z,31.509,63.821,449,0,1,46,27.67,68.35,0,952.79,0,0,31.096,68.988,441,0,1,42,30.375,68.766,455,0,1,49,31.754,64.027,470,0,1,57,0,0,0,0,0,0,0,0,0,0,0,0,0,0,0,0,0,0,48,60,2142,1,0,0
2026-07-02T11:54:26.916Z,31.531,63.964,449,0,1,46,27.67,68.443,0,952.818,0,0,31.106,69.248,443,0,1,43,30.379,68.832,446,0,1,45,31.778,64.1,428,0,1,36,0,0,0,0,0,0,0,0,0,0,0,0,0,0,0,0,0,0,48,60,2155,1,0,0
2026-07-02T11:54:36.916Z,31.511,64.376,425,0,1,35,27.675,68.79,0,952.881,0,0,31.027,69.591,462,0,1,53,30.346,68.702,445,0,1,44,31.832,64.186,451,0,1,47,0,0,0,0,0,0,0,0,0,0,0,0,0,0,0,0,0,0,48,60,2162,1,0,0
2026-07-02T11:54:46.917Z,31.561,64.144,440,0,1,42,27.665,68.431,0,952.838,0,0,31.019,69.425,459,0,1,51,30.36,68.821,434,0,1,39,31.802,64.058,434,0,1,39,0,0,0,0,0,0,0,0,0,0,0,0,0,0,0,0,0,0,48,60,2127,1,0,0
2026-07-02T11:54:56.955Z,31.555,64.134,447,0,1,45,27.665,68.57,0,952.838,0,0,31.041,69.512,443,0,1,43,30.331,68.956,431,0,1,38,31.844,63.986,428,0,1,36,0,0,0,0,0,0,0,0,0,0,0,0,0,0,0,0,0,0,48,60,2133,1,0,0
2026-07-02T11:55:07.037Z,31.63,64.155,441,0,1,42,27.66,68.523,0,952.886,0,0,31.07,69.4,461,0,1,52,30.337,69.191,454,0,1,49,31.916,63.927,427,0,1,36,0,0,0,0,0,0,0,0,0,0,0,0,0,0,0,0,0,0,48,60,2139,1,0,0
2026-07-02T11:55:17.204Z,31.649,63.557,428,0,1,36,27.65,68.037,0,952.842,0,0,31.012,68.868,418,0,1,32,30.38,69.11,437,0,1,41,31.961,63.697,446,0,1,45,0,0,0,0,0,0,0,0,0,0,0,0,0,0,0,0,0,0,48,60,2162,1,0,0
2026-07-02T11:55:27.284Z,31.6,63.569,442,0,1,43,27.66,68.153,0,952.858,0,0,31.076,68.886,451,0,1,47,30.326,68.911,418,0,1,32,31.943,63.566,458,0,1,50,0,0,0,0,0,0,0,0,0,0,0,0,0,0,0,0,0,0,48,60,2128,1,0,0
2026-07-02T11:55:37.283Z,31.602,64.061,427,0,1,36,27.655,68.743,0,952.822,0,0,31.002,69.436,453,0,1,48,30.281,68.899,439,0,1,42,31.807,63.653,425,0,1,35,0,0,0,0,0,0,0,0,0,0,0,0,0,0,0,0,0,0,48,60,2160,1,0,0
2026-07-02T11:55:47.283Z,31.533,64.347,456,0,1,49,27.66,68.905,0,952.942,0,0,31.016,69.817,478,0,1,60,30.215,69.258,434,0,1,39,31.769,64.077,438,0,1,41,0,0,0,0,0,0,0,0,0,0,0,0,0,0,0,0,0,0,48,60,2133,1,0,0
2026-07-02T11:55:57.284Z,31.524,64.386,417,0,1,31,27.65,68.968,0,952.898,0,0,31.002,70.115,451,0,1,47,30.229,69.258,455,0,1,49,31.762,64.345,443,0,1,43,0,0,0,0,0,0,0,0,0,0,0,0,0,0,0,0,0,0,48,60,2128,1,0,0
2026-07-02T11:56:07.283Z,31.539,64.553,448,0,1,46,27.655,69.142,0,952.906,0,0,30.93,70.067,447,0,1,45,30.228,69.393,437,0,1,40,31.755,64.473,432,0,1,38,0,0,0,0,0,0,0,0,0,0,0,0,0,0,0,0,0,0,48,60,2143,1,0,0
2026-07-02T11:56:17.284Z,31.511,64.516,432,0,1,38,27.65,69.026,0,952.898,0,0,30.897,70.077,474,0,1,58,30.267,69.453,435,0,1,39,31.772,64.391,426,0,1,35,0,0,0,0,0,0,0,0,0,0,0,0,0,0,0,0,0,0,48,60,2146,1,0,0
2026-07-02T11:56:27.285Z,31.54,64.273,426,0,1,35,27.639,68.545,0,952.938,0,0,30.966,69.752,467,0,1,55,30.251,69.305,409,0,1,28,31.783,64.109,429,0,1,37,0,0,0,0,0,0,0,0,0,0,0,0,0,0,0,0,0,0,48,60,2162,1,0,0
2026-07-02T11:56:37.285Z,31.501,64.128,408,0,1,27,27.65,68.656,0,952.87,0,0,30.98,69.864,437,0,1,40,30.239,69.211,438,0,1,41,31.795,63.997,400,0,1,16,0,0,0,0,0,0,0,0,0,0,0,0,0,0,0,0,0,0,48,60,2129,1,0,0
2026-07-02T11:56:47.285Z,31.478,64.585,441,0,1,42,27.65,68.986,0,952.898,0,0,30.983,69.917,461,0,1,52,30.27,69.12,437,0,1,40,31.819,64.118,463,0,1,53,0,0,0,0,0,0,0,0,0,0,0,0,0,0,0,0,0,0,48,60,2128,1,0,0
2026-07-02T11:56:57.285Z,31.493,64.75,422,0,1,34,27.645,68.754,0,952.89,0,0,30.987,69.894,446,0,1,45,30.282,69.245,455,0,1,49,31.818,64.148,454,0,1,48,0,0,0,0,0,0,0,0,0,0,0,0,0,0,0,0,0,0,48,60,2133,1,0,0
2026-07-02T11:57:07.286Z,31.521,64.897,443,0,1,43,27.634,68.643,0,952.819,0,0,31.0,70.053,460,0,1,51,30.266,69.233,433,0,1,39,31.871,64.226,459,0,1,51,0,0,0,0,0,0,0,0,0,0,0,0,0,0,0,0,0,0,48,60,2114,1,0,0
2026-07-02T11:57:17.286Z,31.544,64.879,458,0,1,50,27.639,68.973,0,952.883,0,0,30.97,70.163,441,0,1,43,30.216,69.231,425,0,1,35,31.865,64.229,471,0,1,57,0,0,0,0,0,0,0,0,0,0,0,0,0,0,0,0,0,0,48,60,2144,1,0,0
2026-07-02T11:57:27.285Z,31.465,65.019,417,0,1,31,27.645,69.303,0,952.89,0,0,30.872,70.344,455,0,1,49,30.22,69.361,400,0,1,23,31.849,64.329,473,0,1,58,0,0,0,0,0,0,0,0,0,0,0,0,0,0,0,0,0,0,48,60,2148,1,0,0
2026-07-02T11:57:37.286Z,31.496,64.735,418,0,1,32,27.634,68.753,0,952.791,0,0,30.854,69.859,446,0,1,45,30.199,69.37,446,0,1,45,31.746,64.081,451,0,1,47,0,0,0,0,0,0,0,0,0,0,0,0,0,0,0,0,0,0,48,60,2145,1,0,0
2026-07-02T11:57:47.286Z,31.44,64.597,432,0,1,38,27.624,68.573,0,952.831,0,0,30.937,69.779,455,0,1,49,30.26,68.846,400,0,1,24,31.701,64.144,457,0,1,50,0,0,0,0,0,0,0,0,0,0,0,0,0,0,0,0,0,0,48,60,2128,1,0,0
2026-07-02T11:57:57.286Z,31.478,64.524,439,0,1,41,27.624,68.266,0,952.859,0,0,30.943,69.614,420,0,1,32,30.242,69.236,424,0,1,35,31.774,64.218,434,0,1,39,0,0,0,0,0,0,0,0,0,0,0,0,0,0,0,0,0,0,48,60,2160,1,0,0
2026-07-02T11:58:07.286Z,31.494,64.03,445,0,1,44,27.619,68.336,0,952.879,0,0,31.005,69.395,405,0,1,26,30.259,69.255,424,0,1,34,31.84,64.047,420,0,1,33,0,0,0,0,0,0,0,0,0,0,0,0,0,0,0,0,0,0,48,60,2142,1,0,0
2026-07-02T11:58:17.286Z,31.515,63.946,438,0,1,41,27.624,68.429,0,952.803,0,0,31.021,69.15,422,0,1,34,30.244,69.343,438,0,1,41,31.85,63.967,437,0,1,40,0,0,0,0,0,0,0,0,0,0,0,0,0,0,0,0,0,0,48,60,2133,1,0,0
2026-07-02T11:58:27.286Z,31.541,63.708,423,0,1,34,27.624,68.226,0,952.859,0,0,31.009,69.183,460,0,1,51,30.247,69.293,413,0,1,30,31.899,63.956,461,0,1,52,0,0,0,0,0,0,0,0,0,0,0,0,0,0,0,0,0,0,48,60,2141,1,0,0
2026-07-02T11:58:37.286Z,31.537,63.641,443,0,1,43,27.624,68.255,0,952.859,0,0,30.982,69.037,434,0,1,39,30.178,69.133,425,0,1,35,31.928,63.887,450,0,1,47,0,0,0,0,0,0,0,0,0,0,0,0,0,0,0,0,0,0,48,60,2150,1,0,0
2026-07-02T11:58:47.286Z,31.567,63.572,444,0,1,44,27.619,68.301,0,952.907,0,0,30.991,68.913,443,0,1,43,30.197,69.444,438,0,1,41,31.972,63.724,466,0,1,55,0,0,0,0,0,0,0,0,0,0,0,0,0,0,0,0,0,0,48,60,2142,1,0,0
2026-07-02T11:58:57.287Z,31.615,63.435,441,0,1,43,27.614,68.15,0,952.844,0,0,31.071,68.77,430,0,1,37,30.256,69.427,408,0,1,27,32.011,63.412,451,0,1,47,0,0,0,0,0,0,0,0,0,0,0,0,0,0,0,0,0,0,48,60,2160,1,0,0
2026-07-02T11:59:07.292Z,31.54,63.57,441,0,1,43,27.609,68.231,0,952.836,0,0,31.076,69.066,455,0,1,49,30.229,69.438,427,0,1,36,32.025,63.411,467,0,1,55,0,0,0,0,0,0,0,0,0,0,0,0,0,0,0,0,0,0,48,60,2124,1,0,0
2026-07-02T11:59:17.374Z,31.55,63.568,444,0,1,44,27.599,68.091,0,952.848,0,0,30.991,69.114,440,0,1,42,30.178,69.401,417,0,1,31,32.011,63.435,436,0,1,40,0,0,0,0,0,0,0,0,0,0,0,0,0,0,0,0,0,0,48,60,2138,1,0,0
2026-07-02T11:59:27.422Z,31.537,63.363,433,0,1,38,27.599,67.929,0,952.848,0,0,31.028,68.697,419,0,1,32,30.18,69.481,413,0,1,29,32.049,63.214,444,0,1,44,0,0,0,0,0,0,0,0,0,0,0,0,0,0,0,0,0,0,48,60,2128,1,0,0
2026-07-02T11:59:37.503Z,31.57,63.284,413,0,1,30,27.599,68.12,0,952.904,0,0,31.084,68.568,449,0,1,46,30.156,69.59,453,0,1,48,32.071,63.091,449,0,1,46,0,0,0,0,0,0,0,0,0,0,0,0,0,0,0,0,0,0,48,60,2125,1,0,0
2026-07-02T11:59:47.653Z,31.504,63.532,430,0,1,37,27.604,68.474,0,952.884,0,0,31.056,68.776,445,0,1,44,30.199,69.607,427,0,1,36,32.019,63.09,435,0,1,39,0,0,0,0,0,0,0,0,0,0,0,0,0,0,0,0,0,0,48,60,2142,1,0,0
2026-07-02T11:59:57.718Z,31.499,63.69,414,0,1,30,27.599,68.358,0,952.904,0,0,31.042,69.049,453,0,1,48,30.274,69.53,431,0,1,38,32.022,63.323,455,0,1,49,0,0,0,0,0,0,0,0,0,0,0,0,0,0,0,0,0,0,48,60,2143,1,0,0
2026-07-02T12:00:07.817Z,31.45,63.644,407,0,1,27,27.599,68.612,0,952.876,0,0,31.029,69.351,437,0,1,40,30.341,69.412,428,0,1,36,31.96,63.447,489,0,2,66,0,0,0,0,0,0,0,0,0,0,0,0,0,0,0,0,0,0,48,60,2142,1,0,0
2026-07-02T12:00:17.998Z,31.46,63.633,410,0,1,28,27.584,68.334,0,952.88,0,0,31.015,69.0,450,0,1,46,30.334,69.187,420,0,1,32,31.962,63.517,434,0,1,39,0,0,0,0,0,0,0,0,0,0,0,0,0,0,0,0,0,0,48,60,2157,1,0,0
2026-07-02T12:00:28.065Z,31.478,63.595,449,0,1,46,27.584,68.438,0,952.88,0,0,31.019,68.77,446,0,1,44,30.362,69.033,433,0,1,39,31.975,63.413,443,0,1,43,0,0,0,0,0,0,0,0,0,0,0,0,0,0,0,0,0,0,48,60,2142,1,0,0
2026-07-02T12:00:38.113Z,31.451,63.614,431,0,1,38,27.579,68.136,0,952.817,0,0,30.969,68.657,425,0,1,35,30.398,69.098,421,0,1,33,31.954,63.255,441,0,1,42,0,0,0,0,0,0,0,0,0,0,0,0,0,0,0,0,0,0,48,60,2131,1,0,0
2026-07-02T12:00:48.112Z,31.511,63.601,420,0,1,33,27.579,68.304,0,952.872,0,0,31.053,68.703,439,0,1,41,30.441,69.192,412,0,1,29,31.915,63.278,424,0,1,34,0,0,0,0,0,0,0,0,0,0,0,0,0,0,0,0,0,0,48,60,2153,1,0,0
2026-07-02T12:00:58.295Z,31.44,63.843,419,0,1,32,27.574,68.506,0,952.893,0,0,30.969,68.828,447,0,1,45,30.513,69.075,435,0,1,40,31.876,63.325,477,0,1,60,0,0,0,0,0,0,0,0,0,0,0,0,0,0,0,0,0,0,48,60,2129,1,0,0
2026-07-02T12:01:08.360Z,31.413,64.438,444,0,1,44,27.574,68.64,0,952.837,0,0,30.923,69.371,441,0,1,42,30.526,68.862,441,0,1,42,31.761,63.519,455,0,1,49,0,0,0,0,0,0,0,0,0,0,0,0,0,0,0,0,0,0,48,60,2140,1,0,0
2026-07-02T12:01:18.426Z,31.418,64.861,434,0,1,39,27.574,68.969,0,952.865,0,0,30.881,69.917,449,0,1,46,30.485,68.903,451,0,1,47,31.655,63.87,477,0,1,60,0,0,0,0,0,0,0,0,0,0,0,0,0,0,0,0,0,0,48,60,2144,1,0,0
2026-07-02T12:01:28.507Z,31.412,64.91,446,0,1,45,27.579,69.218,0,952.9,0,0,30.899,70.19,447,0,1,45,30.451,68.927,443,0,1,43,31.538,64.498,441,0,1,42,0,0,0,0,0,0,0,0,0,0,0,0,0,0,0,0,0,0,48,60,2153,1,0,0
2026-07-02T12:01:38.589Z,31.387,64.914,440,0,1,42,27.574,69.097,0,952.893,0,0,30.886,70.145,442,0,1,43,30.386,68.811,456,0,1,49,31.549,64.773,455,0,1,49,0,0,0,0,0,0,0,0,0,0,0,0,0,0,0,0,0,0,48,60,2211,1,0,0
2026-07-02T12:01:48.638Z,31.375,64.9,451,0,1,47,27.574,69.339,0,952.92,0,0,30.826,70.139,440,0,1,42,30.305,68.812,452,0,1,48,31.576,64.742,465,0,1,54,0,0,0,0,0,0,0,0,0,0,0,0,0,0,0,0,0,0,48,60,2220,1,0,0
2026-07-02T12:01:58.705Z,31.287,64.85,437,0,1,40,27.574,69.438,0,952.948,0,0,30.701,70.058,450,0,1,47,30.249,68.708,437,0,1,41,31.57,64.709,456,0,1,49,0,0,0,0,0,0,0,0,0,0,0,0,0,0,0,0,0,0,48,60,2266,1,0,0
2026-07-02T12:02:08.787Z,31.24,64.806,431,0,1,37,27.569,69.009,0,952.885,0,0,30.687,70.161,451,0,1,47,30.168,68.944,438,0,1,41,31.474,64.769,456,0,1,50,0,0,0,0,0,0,0,0,0,0,0,0,0,0,0,0,0,0,48,60,2205,1,0,0
2026-07-02T12:02:18.836Z,31.164,64.938,427,0,1,36,27.579,69.027,0,952.9,0,0,30.631,70.396,426,0,1,35,30.07,69.46,427,0,1,36,31.482,64.832,449,0,1,46,0,0,0,0,0,0,0,0,0,0,0,0,0,0,0,0,0,0,48,60,2254,1,0,0
2026-07-02T12:02:28.900Z,31.166,64.843,428,0,1,36,27.584,69.143,0,952.908,0,0,30.656,70.328,435,0,1,39,30.091,69.59,429,0,1,37,31.45,64.703,435,0,1,39,0,0,0,0,0,0,0,0,0,0,0,0,0,0,0,0,0,0,48,60,2231,1,0,0
2026-07-02T12:02:38.901Z,31.179,65.013,438,0,1,41,27.584,69.178,0,952.936,0,0,30.598,70.341,433,0,1,39,30.131,69.411,439,0,1,41,31.494,64.749,463,0,1,53,0,0,0,0,0,0,0,0,0,0,0,0,0,0,0,0,0,0,48,60,2238,1,0,0
2026-07-02T12:02:49.030Z,31.165,65.079,455,0,1,49,27.589,69.045,0,952.944,0,0,30.598,70.446,441,0,1,42,30.105,69.553,440,0,1,42,31.489,64.837,454,0,1,49,0,0,0,0,0,0,0,0,0,0,0,0,0,0,0,0,0,0,48,60,2253,1,0,0
2026-07-02T12:02:59.230Z,31.092,65.396,423,0,1,34,27.599,69.272,0,952.932,0,0,30.574,70.593,450,0,1,47,30.12,69.194,411,0,1,28,31.349,65.026,440,0,1,42,0,0,0,0,0,0,0,0,0,0,0,0,0,0,0,0,0,0,48,60,2214,1,0,0
2026-07-02T12:03:09.313Z,31.092,65.079,420,0,1,33,27.594,68.947,0,952.952,0,0,30.54,70.467,440,0,1,42,30.147,69.209,437,0,1,40,31.429,65.03,448,0,1,46,0,0,0,0,0,0,0,0,0,0,0,0,0,0,0,0,0,0,48,60,2251,1,0,0
2026-07-02T12:03:19.378Z,31.146,64.891,438,0,1,41,27.584,68.681,0,952.88,0,0,30.596,70.305,425,0,1,35,30.236,69.208,428,0,1,36,31.496,64.911,440,0,1,42,0,0,0,0,0,0,0,0,0,0,0,0,0,0,0,0,0,0,48,60,2206,1,0,0
2026-07-02T12:03:29.460Z,31.127,64.783,439,0,1,42,27.584,68.692,0,952.964,0,0,30.596,70.115,422,0,1,33,30.319,69.089,411,0,1,28,31.536,64.74,464,0,1,54,0,0,0,0,0,0,0,0,0,0,0,0,0,0,0,0,0,0,48,60,2171,1,0,0
2026-07-02T12:03:39.542Z,31.184,64.633,443,0,1,43,27.579,68.455,0,952.928,0,0,30.61,70.085,436,0,1,40,30.347,68.953,404,0,1,25,31.572,64.569,430,0,1,37,0,0,0,0,0,0,0,0,0,0,0,0,0,0,0,0,0,0,48,60,2188,1,0,0
2026-07-02T12:03:49.608Z,31.217,64.564,422,0,1,33,27.579,68.507,0,952.928,0,0,30.64,70.063,428,0,1,36,30.334,68.778,421,0,1,33,31.564,64.511,432,0,1,38,0,0,0,0,0,0,0,0,0,0,0,0,0,0,0,0,0,0,48,60,2206,1,0,0
2026-07-02T12:03:59.690Z,31.225,64.898,453,0,1,48,27.579,68.813,0,952.928,0,0,30.689,70.393,450,0,1,47,30.289,68.639,419,0,1,32,31.71,64.363,433,0,1,38,0,0,0,0,0,0,0,0,0,0,0,0,0,0,0,0,0,0,48,60,2198,1,0,0
2026-07-02T12:04:09.754Z,31.19,65.159,422,0,1,34,27.579,68.941,0,952.956,0,0,30.672,70.554,442,0,1,43,30.291,68.676,436,0,1,40,31.706,64.396,440,0,1,42,0,0,0,0,0,0,0,0,0,0,0,0,0,0,0,0,0,0,48,60,2235,1,0,0
2026-07-02T12:04:19.821Z,31.256,65.191,439,0,1,41,27.579,68.912,0,952.872,0,0,30.719,70.657,450,0,1,47,30.296,68.842,426,0,1,35,31.774,64.394,456,0,1,50,0,0,0,0,0,0,0,0,0,0,0,0,0,0,0,0,0,0,48,60,2209,1,0,0
2026-07-02T12:04:29.903Z,31.232,64.931,455,0,1,49,27.584,69.028,0,952.964,0,0,30.752,70.404,460,0,1,52,30.257,69.205,438,0,1,41,31.771,64.333,430,0,1,37,0,0,0,0,0,0,0,0,0,0,0,0,0,0,0,0,0,0,48,60,2229,1,0,0
2026-07-02T12:04:39.969Z,31.256,64.804,431,0,1,38,27.594,69.063,0,952.98,0,0,30.828,70.037,441,0,1,42,30.285,69.16,419,0,1,32,31.783,64.194,460,0,1,52,0,0,0,0,0,0,0,0,0,0,0,0,0,0,0,0,0,0,48,60,2229,1,0,0
2026-07-02T12:04:50.050Z,31.308,64.471,440,0,1,42,27.574,68.784,0,952.948,0,0,30.789,69.755,435,0,1,39,30.276,69.221,430,0,1,37,31.75,64.137,422,0,1,33,0,0,0,0,0,0,0,0,0,0,0,0,0,0,0,0,0,0,48,60,2244,1,0,0
2026-07-02T12:05:00.132Z,31.326,64.36,423,0,1,34,27.574,68.524,0,953.004,0,0,30.834,69.553,437,0,1,40,30.248,69.219,449,0,1,46,31.785,64.073,458,0,1,51,0,0,0,0,0,0,0,0,0,0,0,0,0,0,0,0,0,0,48,60,2181,1,0,0
2026-07-02T12:05:10.199Z,31.305,64.294,440,0,1,42,27.579,68.634,0,953.012,0,0,30.839,69.477,410,0,1,28,30.263,69.264,447,0,1,45,31.77,64.089,459,0,1,51,0,0,0,0,0,0,0,0,0,0,0,0,0,0,0,0,0,0,48,60,2160,1,0,0
2026-07-02T12:05:20.264Z,31.298,64.34,435,0,1,40,27.554,68.777,0,952.973,0,0,30.838,69.465,437,0,1,41,30.238,69.212,428,0,1,36,31.77,64.031,458,0,1,51,0,0,0,0,0,0,0,0,0,0,0,0,0,0,0,0,0,0,48,60,2198,1,0,0
2026-07-02T12:05:30.346Z,31.297,64.347,415,0,1,30,27.564,68.76,0,952.933,0,0,30.877,69.468,456,0,1,50,30.279,69.263,422,0,1,33,31.82,64.056,453,0,1,48,0,0,0,0,0,0,0,0,0,0,0,0,0,0,0,0,0,0,48,60,2224,1,0,0
2026-07-02T12:05:40.412Z,31.309,64.375,431,0,1,38,27.564,68.888,0,952.961,0,0,30.936,69.342,454,0,1,48,30.198,69.457,428,0,1,36,31.849,64.02,467,0,1,55,0,0,0,0,0,0,0,0,0,0,0,0,0,0,0,0,0,0,48,60,2226,1,0,0
2026-07-02T12:05:50.494Z,31.274,64.392,446,0,1,45,27.564,68.888,0,952.988,0,0,30.954,69.453,440,0,1,42,30.276,69.423,424,0,1,34,31.825,64.055,431,0,1,37,0,0,0,0,0,0,0,0,0,0,0,0,0,0,0,0,0,0,48,60,2227,1,0,0
2026-07-02T12:06:00.559Z,31.273,64.453,436,0,1,40,27.579,69.051,0,953.04,0,0,30.965,69.396,441,0,1,42,30.32,69.336,412,0,1,29,31.879,64.093,444,0,1,44,0,0,0,0,0,0,0,0,0,0,0,0,0,0,0,0,0,0,48,60,2240,1,0,0
2026-07-02T12:06:10.574Z,31.283,64.636,443,0,1,43,27.579,69.23,0,952.984,0,0,30.977,69.319,418,0,1,32,30.322,69.02,417,0,1,31,31.932,64.021,431,0,1,38,0,0,0,0,0,0,0,0,0,0,0,0,0,0,0,0,0,0,48,60,2194,1,0,0
2026-07-02T12:06:20.740Z,31.339,64.588,421,0,1,33,27.569,69.148,0,952.94,0,0,31.005,69.368,436,0,1,40,30.32,69.179,446,0,1,45,31.971,63.938,459,0,1,51,0,0,0,0,0,0,0,0,0,0,0,0,0,0,0,0,0,0,48,60,2234,1,0,0
2026-07-02T12:06:30.823Z,31.337,64.51,429,0,1,37,27.574,69.247,0,952.976,0,0,31.02,69.292,428,0,1,36,30.332,69.17,432,0,1,38,31.966,63.884,453,0,1,48,0,0,0,0,0,0,0,0,0,0,0,0,0,0,0,0,0,0,48,60,2190,1,0,0
2026-07-02T12:06:40.871Z,31.297,64.572,426,0,1,36,27.569,69.114,0,952.94,0,0,30.939,69.439,432,0,1,38,30.342,69.162,425,0,1,35,31.944,63.832,475,0,1,59,0,0,0,0,0,0,0,0,0,0,0,0,0,0,0,0,0,0,48,60,2229,1,0,0
2026-07-02T12:06:50.887Z,31.285,64.532,433,0,1,39,27.564,69.107,0,953.016,0,0,30.943,69.395,445,0,1,44,30.363,69.114,435,0,1,40,31.943,63.786,446,0,1,45,0,0,0,0,0,0,0,0,0,0,0,0,0,0,0,0,0,0,48,60,2252,1,0,0
2026-07-02T12:07:00.887Z,31.248,64.616,407,0,1,27,27.574,68.923,0,953.004,0,0,30.897,69.54,431,0,1,38,30.342,69.051,415,0,1,30,31.889,63.711,451,0,1,47,0,0,0,0,0,0,0,0,0,0,0,0,0,0,0,0,0,0,48,60,2227,1,0,0
2026-07-02T12:07:10.888Z,31.235,64.567,419,0,1,32,27.564,68.899,0,953.016,0,0,30.819,69.587,444,0,1,44,30.313,69.168,424,0,1,35,31.9,63.755,473,0,1,58,0,0,0,0,0,0,0,0,0,0,0,0,0,0,0,0,0,0,48,60,2195,1,0,0
2026-07-02T12:07:20.888Z,31.218,64.55,406,0,1,26,27.564,68.998,0,952.988,0,0,30.775,69.866,458,0,1,51,30.292,69.096,418,0,1,32,31.909,63.843,466,0,1,55,0,0,0,0,0,0,0,0,0,0,0,0,0,0,0,0,0,0,48,60,2224,1,0,0
2026-07-02T12:07:30.889Z,31.208,64.689,426,0,1,35,27.569,68.975,0,953.052,0,0,30.74,69.86,450,0,1,46,30.3,69.147,413,0,1,29,31.923,63.858,419,0,1,32,0,0,0,0,0,0,0,0,0,0,0,0,0,0,0,0,0,0,48,60,2246,1,0,0
2026-07-02T12:07:40.888Z,31.242,64.686,430,0,1,37,27.569,69.015,0,952.996,0,0,30.752,69.935,423,0,1,34,30.326,69.329,423,0,1,34,31.942,63.851,483,0,1,63,0,0,0,0,0,0,0,0,0,0,0,0,0,0,0,0,0,0,48,60,2176,1,0,0
2026-07-02T12:07:50.889Z,31.2,64.649,434,0,1,39,27.569,68.894,0,953.052,0,0,30.725,69.949,426,0,1,35,30.317,69.207,437,0,1,40,31.957,63.904,470,0,1,56,0,0,0,0,0,0,0,0,0,0,0,0,0,0,0,0,0,0,48,60,2210,1,0,0
2026-07-02T12:08:00.890Z,31.176,64.695,425,0,1,35,27.564,69.125,0,952.988,0,0,30.766,69.937,452,0,1,48,30.267,69.439,420,0,1,33,31.954,63.771,457,0,1,50,0,0,0,0,0,0,0,0,0,0,0,0,0,0,0,0,0,0,48,60,2240,1,0,0
2026-07-02T12:08:10.890Z,31.142,64.809,417,0,1,31,27.564,69.385,0,952.988,0,0,30.801,70.025,446,0,1,45,30.232,69.683,432,0,1,38,31.974,63.841,461,0,1,52,0,0,0,0,0,0,0,0,0,0,0,0,0,0,0,0,0,0,48,60,2205,1,0,0
2026-07-02T12:08:20.890Z,31.211,64.998,451,0,1,47,27.564,69.599,0,952.988,0,0,30.757,70.169,446,0,1,44,30.225,69.816,423,0,1,34,32.023,63.923,428,0,1,36,0,0,0,0,0,0,0,0,0,0,0,0,0,0,0,0,0,0,48,60,2192,1,0,0
2026-07-02T12:08:30.890Z,31.212,64.962,434,0,1,39,27.574,69.715,0,953.004,0,0,30.837,70.117,450,0,1,47,30.316,69.818,435,0,1,39,32.015,63.892,474,0,1,59,0,0,0,0,0,0,0,0,0,0,0,0,0,0,0,0,0,0,48,60,2166,1,0,0
2026-07-02T12:08:40.891Z,31.295,64.886,442,0,1,43,27.574,69.438,0,953.032,0,0,30.836,69.865,418,0,1,31,30.338,69.547,420,0,1,33,32.048,63.9,451,0,1,47,0,0,0,0,0,0,0,0,0,0,0,0,0,0,0,0,0,0,48,60,2255,1,0,0
2026-07-02T12:08:50.890Z,31.288,64.75,426,0,1,36,27.574,69.282,0,952.976,0,0,30.843,69.816,427,0,1,36,30.336,69.511,428,0,1,36,32.067,63.821,471,0,1,57,0,0,0,0,0,0,0,0,0,0,0,0,0,0,0,0,0,0,48,60,2239,1,0,0
2026-07-02T12:09:00.891Z,31.342,64.842,441,0,1,42,27.569,69.432,0,953.024,0,0,30.876,69.889,433,0,1,39,30.39,69.258,428,0,1,36,32.058,63.673,469,0,1,56,0,0,0,0,0,0,0,0,0,0,0,0,0,0,0,0,0,0,48,60,2220,1,0,0
2026-07-02T12:09:10.891Z,31.353,64.916,464,0,1,53,27.574,69.513,0,953.032,0,0,30.919,70.088,456,0,1,50,30.423,69.151,431,0,1,38,32.018,63.797,445,0,1,44,0,0,0,0,0,0,0,0,0,0,0,0,0,0,0,0,0,0,48,60,2223,1,0,0
2026-07-02T12:09:20.891Z,31.359,64.8,420,0,1,33,27.574,69.415,0,953.06,0,0,30.919,69.934,437,0,1,40,30.408,69.078,407,0,1,27,32.0,63.822,439,0,1,41,0,0,0,0,0,0,0,0,0,0,0,0,0,0,0,0,0,0,48,60,2271,1,0,0
2026-07-02T12:09:30.892Z,31.388,64.449,409,0,1,28,27.559,69.171,0,953.036,0,0,30.891,69.694,411,0,1,28,30.354,69.35,423,0,1,34,31.887,63.797,458,0,1,51,0,0,0,0,0,0,0,0,0,0,0,0,0,0,0,0,0,0,48,60,2221,1,0,0
2026-07-02T12:09:40.892Z,31.381,64.387,415,0,1,30,27.554,69.13,0,953.056,0,0,30.933,69.662,443,0,1,43,30.396,69.386,421,0,1,33,31.82,63.872,446,0,1,45,0,0,0,0,0,0,0,0,0,0,0,0,0,0,0,0,0,0,48,60,2230,1,0,0
2026-07-02T12:09:50.892Z,31.294,64.446,421,0,1,33,27.554,69.373,0,953.112,0,0,30.872,69.792,425,0,1,35,30.408,69.011,424,0,1,34,31.817,64.183,453,0,1,48,0,0,0,0,0,0,0,0,0,0,0,0,0,0,0,0,0,0,48,60,2192,1,0,0
2026-07-02T12:10:00.892Z,31.213,64.757,401,0,1,24,27.574,69.287,0,953.088,0,0,30.82,69.907,416,0,1,31,30.374,68.978,407,0,1,27,31.835,64.294,452,0,1,47,0,0,0,0,0,0,0,0,0,0,0,0,0,0,0,0,0,0,48,60,2199,1,0,0
2026-07-02T12:10:10.963Z,31.192,65.177,418,0,1,32,27.559,69.408,0,953.092,0,0,30.755,70.261,451,0,1,47,30.355,68.945,429,0,1,37,31.818,64.327,432,0,1,38,0,0,0,0,0,0,0,0,0,0,0,0,0,0,0,0,0,0,48,60,2173,1,0,0
2026-07-02T12:10:21.029Z,31.167,65.553,440,0,1,42,27.564,69.64,0,953.072,0,0,30.679,70.625,439,0,1,41,30.344,68.812,416,0,1,31,31.902,64.268,445,0,1,44,0,0,0,0,0,0,0,0,0,0,0,0,0,0,0,0,0,0,48,60,2188,1,0,0
2026-07-02T12:10:31.083Z,31.254,65.519,446,0,1,45,27.564,69.721,0,953.1,0,0,30.717,70.777,448,0,1,46,30.339,69.086,421,0,1,33,31.926,64.175,444,0,1,44,0,0,0,0,0,0,0,0,0,0,0,0,0,0,0,0,0,0,48,60,2215,1,0,0
2026-07-02T12:10:41.083Z,31.27,65.426,441,0,1,42,27.564,69.778,0,953.1,0,0,30.753,70.776,458,0,1,50,30.315,69.302,503,0,2,74,31.966,64.253,451,0,1,47,0,0,0,0,0,0,0,0,0,0,0,0,0,0,0,0,0,0,48,60,2224,1,0,0
2026-07-02T12:10:51.084Z,31.356,65.421,431,0,1,38,27.574,69.75,0,953.143,0,0,30.817,70.729,479,0,1,61,30.324,69.628,482,0,1,63,31.897,64.231,456,0,1,49,0,0,0,0,0,0,0,0,0,0,0,0,0,0,0,0,0,0,48,60,2238,1,0,0
2026-07-02T12:11:01.084Z,31.314,65.313,434,0,1,39,27.554,69.674,0,953.112,0,0,30.835,70.734,477,0,1,60,30.31,69.604,438,0,1,41,31.937,64.256,456,0,1,50,0,0,0,0,0,0,0,0,0,0,0,0,0,0,0,0,0,0,48,60,2217,1,0,0
2026-07-02T12:11:11.084Z,31.145,65.436,420,0,1,33,27.564,69.744,0,953.1,0,0,30.668,70.754,462,0,1,52,30.303,69.487,426,0,1,35,31.902,64.199,452,0,1,48,0,0,0,0,0,0,0,0,0,0,0,0,0,0,0,0,0,0,48,60,2269,1,0,0
2026-07-02T12:11:21.085Z,31.127,65.234,428,0,1,36,27.544,69.228,0,953.069,0,0,30.642,70.55,453,0,1,48,30.331,69.327,422,0,1,34,31.828,64.151,471,0,1,57,0,0,0,0,0,0,0,0,0,0,0,0,0,0,0,0,0,0,48,60,2222,1,0,0
2026-07-02T12:11:31.085Z,31.204,65.132,435,0,1,40,27.544,69.083,0,953.124,0,0,30.747,70.359,442,0,1,43,30.3,69.137,402,0,1,25,31.866,64.036,453,0,1,48,0,0,0,0,0,0,0,0,0,0,0,0,0,0,0,0,0,0,48,60,2210,1,0,0
2026-07-02T12:11:41.086Z,31.184,65.014,428,0,1,36,27.554,69.257,0,953.084,0,0,30.749,70.226,466,0,1,55,30.305,68.746,412,0,1,29,31.87,63.975,426,0,1,35,0,0,0,0,0,0,0,0,0,0,0,0,0,0,0,0,0,0,48,60,2277,1,0,0
2026-07-02T12:11:51.085Z,31.162,64.969,443,0,1,43,27.554,69.309,0,953.14,0,0,30.769,70.129,424,0,1,34,30.277,69.205,414,0,1,30,31.864,64.055,457,0,1,50,0,0,0,0,0,0,0,0,0,0,0,0,0,0,0,0,0,0,48,60,2229,1,0,0
2026-07-02T12:12:01.085Z,31.176,65.055,426,0,1,35,27.554,69.373,0,953.168,0,0,30.784,70.216,450,0,1,46,30.258,69.192,420,0,1,33,31.869,63.979,470,0,1,56,0,0,0,0,0,0,0,0,0,0,0,0,0,0,0,0,0,0,48,60,2238,1,0,0
2026-07-02T12:12:11.086Z,31.194,65.089,439,0,1,41,27.564,69.466,0,953.156,0,0,30.732,70.499,433,0,1,38,30.212,69.508,418,0,1,32,31.912,64.077,462,0,1,52,0,0,0,0,0,0,0,0,0,0,0,0,0,0,0,0,0,0,48,60,2207,1,0,0
2026-07-02T12:12:21.086Z,31.264,65.012,425,0,1,35,27.544,69.442,0,953.041,0,0,30.743,70.479,440,0,1,42,30.205,69.636,423,0,1,34,31.893,64.115,458,0,1,51,0,0,0,0,0,0,0,0,0,0,0,0,0,0,0,0,0,0,48,60,2208,1,0,0
2026-07-02T12:12:31.086Z,31.311,65.1,444,0,1,44,27.549,69.725,0,953.077,0,0,30.774,70.722,458,0,1,51,30.175,69.759,441,0,1,43,31.885,64.22,431,0,1,38,0,0,0,0,0,0,0,0,0,0,0,0,0,0,0,0,0,0,48,60,2158,1,0,0
2026-07-02T12:12:41.086Z,31.371,65.01,429,0,1,37,27.554,69.529,0,953.168,0,0,30.824,70.594,447,0,1,45,30.184,69.924,430,0,1,37,31.952,64.254,444,0,1,44,0,0,0,0,0,0,0,0,0,0,0,0,0,0,0,0,0,0,48,60,2233,1,0,0
2026-07-02T12:12:51.087Z,31.302,64.95,434,0,1,39,27.549,69.824,0,953.16,0,0,30.848,70.393,471,0,1,57,30.208,69.727,433,0,1,39,31.999,64.161,480,0,1,62,0,0,0,0,0,0,0,0,0,0,0,0,0,0,0,0,0,0,48,60,2176,1,0,0
2026-07-02T12:13:01.087Z,31.355,64.861,416,0,1,31,27.554,69.87,0,953.112,0,0,30.877,70.137,454,0,1,49,30.188,69.943,427,0,1,36,32.018,64.078,458,0,1,50,0,0,0,0,0,0,0,0,0,0,0,0,0,0,0,0,0,0,48,60,2195,1,0,0
2026-07-02T12:13:11.087Z,31.275,64.75,431,0,1,37,27.544,69.725,0,953.152,0,0,30.921,69.994,459,0,1,51,30.183,69.797,420,0,1,33,32.024,63.938,432,0,1,38,0,0,0,0,0,0,0,0,0,0,0,0,0,0,0,0,0,0,48,60,2178,1,0,0
2026-07-02T12:13:21.089Z,31.296,64.848,430,0,1,37,27.549,69.558,0,953.132,0,0,30.9,69.895,421,0,1,33,30.19,69.672,430,0,1,37,32.048,63.951,460,0,1,52,0,0,0,0,0,0,0,0,0,0,0,0,0,0,0,0,0,0,48,60,2211,1,0,0
2026-07-02T12:13:31.104Z,31.31,64.944,461,0,1,52,27.549,69.754,0,953.16,0,0,30.944,70.031,432,0,1,38,30.223,69.661,430,0,1,37,32.016,63.945,436,0,1,40,0,0,0,0,0,0,0,0,0,0,0,0,0,0,0,0,0,0,48,60,2214,1,0,0
2026-07-02T12:13:41.139Z,31.323,65.041,435,0,1,40,27.554,69.743,0,953.084,0,0,30.829,70.247,458,0,1,51,30.237,69.735,429,0,1,37,31.978,63.988,474,0,1,59,0,0,0,0,0,0,0,0,0,0,0,0,0,0,0,0,0,0,48,60,2191,1,0,0
2026-07-02T12:13:51.239Z,31.339,65.184,447,0,1,45,27.559,69.946,0,953.176,0,0,30.76,70.587,461,0,1,52,30.277,69.756,427,0,1,36,31.987,64.15,438,0,1,41,0,0,0,0,0,0,0,0,0,0,0,0,0,0,0,0,0,0,48,60,2222,1,0,0
2026-07-02T12:14:01.302Z,31.285,65.206,427,0,1,36,27.554,69.778,0,953.14,0,0,30.778,70.741,461,0,1,52,30.229,69.693,412,0,1,29,31.97,64.184,466,0,1,55,0,0,0,0,0,0,0,0,0,0,0,0,0,0,0,0,0,0,48,60,2196,1,0,0
2026-07-02T12:14:11.384Z,31.197,65.06,409,0,1,28,27.564,69.697,0,953.1,0,0,30.783,70.373,441,0,1,42,30.186,69.823,430,0,1,37,31.96,64.21,466,0,1,55,0,0,0,0,0,0,0,0,0,0,0,0,0,0,0,0,0,0,48,60,2146,1,0,0
2026-07-02T12:14:21.533Z,31.179,65.079,403,0,1,25,27.554,69.662,0,953.196,0,0,30.802,70.262,441,0,1,42,30.234,70.014,410,0,1,28,31.948,64.116,451,0,1,47,0,0,0,0,0,0,0,0,0,0,0,0,0,0,0,0,0,0,48,60,2253,1,0,0
2026-07-02T12:14:31.615Z,31.19,65.068,417,0,1,31,27.554,69.645,0,953.14,0,0,30.857,70.097,432,0,1,38,30.207,70.023,421,0,1,33,31.965,64.1,435,0,1,39,0,0,0,0,0,0,0,0,0,0,0,0,0,0,0,0,0,0,48,60,2215,1,0,0
2026-07-02T12:14:41.665Z,31.2,65.081,425,0,1,35,27.549,69.558,0,953.216,0,0,30.834,70.098,426,0,1,35,30.179,69.981,440,0,1,42,31.959,64.082,445,0,1,44,0,0,0,0,0,0,0,0,0,0,0,0,0,0,0,0,0,0,48,60,2233,1,0,0
2026-07-02T12:14:51.730Z,31.244,65.057,407,0,1,27,27.544,69.65,0,953.18,0,0,30.905,69.977,440,0,1,42,30.183,70.026,431,0,1,38,32.002,64.071,437,0,1,40,0,0,0,0,0,0,0,0,0,0,0,0,0,0,0,0,0,0,48,60,2192,1,0,0
2026-07-02T12:15:01.762Z,31.244,65.018,440,0,1,42,27.549,69.783,0,953.188,0,0,30.898,69.872,446,0,1,45,30.106,70.154,412,0,1,29,31.987,64.182,459,0,1,51,0,0,0,0,0,0,0,0,0,0,0,0,0,0,0,0,0,0,48,60,2226,1,0,0
2026-07-02T12:15:11.812Z,31.229,64.92,435,0,1,40,27.549,69.777,0,953.16,0,0,30.87,69.814,445,0,1,44,30.226,70.113,418,0,1,32,32.011,64.088,429,0,1,37,0,0,0,0,0,0,0,0,0,0,0,0,0,0,0,0,0,0,48,60,2215,1,0,0
2026-07-02T12:15:21.861Z,31.232,64.957,440,0,1,42,27.554,69.847,0,953.168,0,0,30.818,69.976,436,0,1,40,30.247,69.98,445,0,1,44,32.071,64.032,446,0,1,45,0,0,0,0,0,0,0,0,0,0,0,0,0,0,0,0,0,0,48,60,2208,1,0,0
2026-07-02T12:15:31.910Z,31.324,65.123,445,0,1,44,27.544,69.991,0,953.152,0,0,30.842,70.362,455,0,1,49,30.23,69.923,420,0,1,33,32.047,64.073,456,0,1,50,0,0,0,0,0,0,0,0,0,0,0,0,0,0,0,0,0,0,48,60,2226,1,0,0
2026-07-02T12:15:42.152Z,31.379,65.02,432,0,1,38,27.544,69.962,0,953.18,0,0,30.859,70.139,441,0,1,42,30.198,69.887,421,0,1,33,32.069,64.047,458,0,1,50,0,0,0,0,0,0,0,0,0,0,0,0,0,0,0,0,0,0,48,60,2192,1,0,0
2026-07-02T12:15:52.152Z,31.371,64.852,420,0,1,33,27.549,70.055,0,953.188,0,0,30.899,70.059,435,0,1,40,30.192,69.933,444,0,1,44,32.059,64.045,444,0,1,44,0,0,0,0,0,0,0,0,0,0,0,0,0,0,0,0,0,0,48,60,2224,1,0,0
2026-07-02T12:16:02.255Z,31.447,64.895,415,0,1,31,27.549,69.986,0,953.188,0,0,30.942,70.057,457,0,1,50,30.191,70.038,425,0,1,35,32.076,64.077,445,0,1,44,0,0,0,0,0,0,0,0,0,0,0,0,0,0,0,0,0,0,48,60,2215,1,0,0
2026-07-02T12:16:12.302Z,31.448,64.755,438,0,1,41,27.544,70.182,0,953.236,0,0,30.938,69.935,456,0,1,49,30.107,70.232,414,0,1,30,32.067,64.103,475,0,1,59,0,0,0,0,0,0,0,0,0,0,0,0,0,0,0,0,0,0,48,60,2247,1,0,0
2026-07-02T12:16:22.303Z,31.301,64.84,410,0,1,28,27.554,70.003,0,953.224,0,0,30.937,69.925,464,0,1,53,30.1,70.23,422,0,1,33,32.016,64.082,472,0,1,58,0,0,0,0,0,0,0,0,0,0,0,0,0,0,0,0,0,0,48,60,2213,1,0,0
2026-07-02T12:16:32.468Z,31.299,64.9,400,0,1,20,27.554,69.807,0,953.252,0,0,30.902,69.995,447,0,1,45,30.168,70.115,425,0,1,35,31.971,63.998,461,0,1,52,0,0,0,0,0,0,0,0,0,0,0,0,0,0,0,0,0,0,48,60,2250,1,0,0
2026-07-02T12:16:42.535Z,31.189,64.96,439,0,1,41,27.549,69.777,0,953.216,0,0,30.898,69.923,449,0,1,46,30.1,70.246,413,0,1,29,31.988,64.09,437,0,1,40,0,0,0,0,0,0,0,0,0,0,0,0,0,0,0,0,0,0,48,60,2182,1,0,0
2026-07-02T12:16:52.582Z,31.228,65.014,436,0,1,40,27.544,69.835,0,953.18,0,0,30.903,69.835,444,0,1,44,30.086,70.295,428,0,1,36,32.01,64.104,452,0,1,48,0,0,0,0,0,0,0,0,0,0,0,0,0,0,0,0,0,0,48,60,2214,1,0,0
2026-07-02T12:17:02.647Z,31.142,65.082,432,0,1,38,27.544,69.748,0,953.208,0,0,30.907,70.009,427,0,1,36,30.126,70.039,413,0,1,30,31.965,64.091,460,0,1,51,0,0,0,0,0,0,0,0,0,0,0,0,0,0,0,0,0,0,48,60,2198,1,0,0
2026-07-02T12:17:12.696Z,31.123,65.075,415,0,1,30,27.544,69.748,0,953.236,0,0,30.828,69.922,462,0,1,53,30.144,70.17,429,0,1,37,31.94,64.114,441,0,1,42,0,0,0,0,0,0,0,0,0,0,0,0,0,0,0,0,0,0,48,60,2246,1,0,0
2026-07-02T12:17:22.743Z,31.119,65.283,428,0,1,36,27.554,69.859,0,953.196,0,0,30.902,69.962,426,0,1,35,30.159,70.094,401,0,1,24,31.932,64.228,473,0,1,58,0,0,0,0,0,0,0,0,0,0,0,0,0,0,0,0,0,0,48,60,2224,1,0,0
2026-07-02T12:17:32.933Z,31.144,65.26,442,0,1,43,27.544,69.742,0,953.18,0,0,30.873,69.94,449,0,1,46,30.176,70.056,425,0,1,35,31.937,64.192,435,0,1,40,0,0,0,0,0,0,0,0,0,0,0,0,0,0,0,0,0,0,48,60,2247,1,0,0
2026-07-02T12:17:43.010Z,31.178,65.541,434,0,1,39,27.544,69.962,0,953.236,0,0,30.8,70.345,464,0,1,54,30.124,70.127,415,0,1,31,31.969,64.26,466,0,1,55,0,0,0,0,0,0,0,0,0,0,0,0,0,0,0,0,0,0,48,60,2207,1,0,0
2026-07-02T12:17:53.092Z,31.199,65.549,430,0,1,37,27.534,70.112,0,953.165,0,0,30.793,70.696,436,0,1,40,30.142,70.185,400,0,1,20,32.02,64.3,437,0,1,40,0,0,0,0,0,0,0,0,0,0,0,0,0,0,0,0,0,0,48,60,2199,1,0,0
2026-07-02T12:18:03.141Z,31.174,65.409,431,0,1,37,27.539,70.17,0,953.089,0,0,30.88,70.438,449,0,1,46,30.099,70.461,439,0,1,41,31.98,64.32,449,0,1,46,0,0,0,0,0,0,0,0,0,0,0,0,0,0,0,0,0,0,48,60,2254,1,0,0
2026-07-02T12:18:13.223Z,31.181,65.373,434,0,1,39,27.544,70.298,0,953.18,0,0,30.837,70.252,436,0,1,40,30.087,70.354,433,0,1,38,32.009,64.237,461,0,1,52,0,0,0,0,0,0,0,0,0,0,0,0,0,0,0,0,0,0,48,60,2200,1,0,0
2026-07-02T12:18:23.254Z,31.261,65.649,455,0,1,49,27.534,70.129,0,953.192,0,0,30.791,70.672,437,0,1,40,30.061,70.484,439,0,1,41,31.989,64.362,451,0,1,47,0,0,0,0,0,0,0,0,0,0,0,0,0,0,0,0,0,0,48,60,2197,1,0,0
2026-07-02T12:18:33.257Z,31.268,65.554,429,0,1,37,27.539,70.205,0,953.228,0,0,30.881,70.683,432,0,1,38,30.082,70.516,438,0,1,41,32.018,64.405,438,0,1,41,0,0,0,0,0,0,0,0,0,0,0,0,0,0,0,0,0,0,48,60,2195,1,0,0
2026-07-02T12:18:43.287Z,31.336,65.564,413,0,1,30,27.534,70.28,0,953.22,0,0,30.79,70.833,450,0,1,47,30.052,70.62,450,0,1,47,31.998,64.417,460,0,1,51,0,0,0,0,0,0,0,0,0,0,0,0,0,0,0,0,0,0,48,60,2253,1,0,0
2026-07-02T12:18:53.287Z,31.326,65.559,433,0,1,39,27.544,70.315,0,953.264,0,0,30.806,70.898,445,0,1,44,30.104,70.601,433,0,1,39,31.99,64.422,440,0,1,42,0,0,0,0,0,0,0,0,0,0,0,0,0,0,0,0,0,0,48,60,2247,1,0,0
2026-07-02T12:19:03.287Z,31.417,65.571,429,0,1,37,27.544,70.483,0,953.292,0,0,30.912,70.893,458,0,1,50,30.11,70.548,417,0,1,31,31.921,64.546,453,0,1,48,0,0,0,0,0,0,0,0,0,0,0,0,0,0,0,0,0,0,48,60,2192,1,0,0
2026-07-02T12:19:13.288Z,31.445,65.429,429,0,1,37,27.523,70.337,0,953.205,0,0,30.9,70.905,459,0,1,51,30.108,70.584,425,0,1,35,31.989,64.548,441,0,1,42,0,0,0,0,0,0,0,0,0,0,0,0,0,0,0,0,0,0,48,60,2231,1,0,0
2026-07-02T12:19:23.288Z,31.449,65.379,425,0,1,35,27.539,70.309,0,953.2,0,0,30.948,70.784,469,0,1,56,30.106,70.629,439,0,1,42,32.007,64.54,444,0,1,44,0,0,0,0,0,0,0,0,0,0,0,0,0,0,0,0,0,0,48,60,2256,1,0,0
2026-07-02T12:19:33.289Z,31.41,65.372,435,0,1,39,27.544,70.483,0,953.236,0,0,30.976,70.64,459,0,1,51,30.167,70.668,444,0,1,44,32.009,64.507,463,0,1,53,0,0,0,0,0,0,0,0,0,0,0,0,0,0,0,0,0,0,48,60,2195,1,0,0
2026-07-02T12:19:43.289Z,31.379,65.43,429,0,1,37,27.539,70.494,0,953.228,0,0,30.933,70.672,467,0,1,55,30.229,70.48,448,0,1,46,31.996,64.462,444,0,1,44,0,0,0,0,0,0,0,0,0,0,0,0,0,0,0,0,0,0,48,60,2233,1,0,0
2026-07-02T12:19:53.291Z,31.388,65.434,434,0,1,39,27.534,70.493,0,953.22,0,0,30.976,70.574,453,0,1,48,30.215,70.403,456,0,1,49,32.027,64.458,430,0,1,37,0,0,0,0,0,0,0,0,0,0,0,0,0,0,0,0,0,0,48,60,2251,1,0,0
2026-07-02T12:20:03.291Z,31.382,65.423,446,0,1,45,27.534,70.459,0,953.22,0,0,30.95,70.607,454,0,1,49,30.198,70.182,427,0,1,36,32.016,64.463,444,0,1,44,0,0,0,0,0,0,0,0,0,0,0,0,0,0,0,0,0,0,48,60,2250,1,0,0
2026-07-02T12:20:13.292Z,31.363,65.525,431,0,1,38,27.534,70.465,0,953.22,0,0,30.968,70.676,454,0,1,49,30.147,70.51,448,0,1,46,32.052,64.47,449,0,1,46,0,0,0,0,0,0,0,0,0,0,0,0,0,0,0,0,0,0,48,60,2263,1,0,0
2026-07-02T12:20:23.292Z,31.411,65.535,429,0,1,36,27.534,70.598,0,953.22,0,0,30.854,70.724,436,0,1,40,30.153,70.572,437,0,1,40,32.022,64.458,457,0,1,50,0,0,0,0,0,0,0,0,0,0,0,0,0,0,0,0,0,0,48,60,2163,1,0,0
2026-07-02T12:20:33.293Z,31.382,65.407,422,0,1,33,27.534,70.58,0,953.22,0,0,30.861,70.877,455,0,1,49,30.161,70.558,437,0,1,40,32.029,64.444,422,0,1,34,0,0,0,0,0,0,0,0,0,0,0,0,0,0,0,0,0,0,48,60,2207,1,0,0
2026-07-02T12:20:43.338Z,31.427,65.388,404,0,1,25,27.523,70.574,0,953.205,0,0,30.833,70.91,443,0,1,43,30.2,70.502,436,0,1,40,31.989,64.417,422,0,1,33,0,0,0,0,0,0,0,0,0,0,0,0,0,0,0,0,0,0,48,60,2217,1,0,0
2026-07-02T12:20:53.388Z,31.393,65.299,401,0,1,24,27.523,70.585,0,953.26,0,0,30.874,70.809,439,0,1,42,30.254,70.412,423,0,1,34,31.988,64.474,422,0,1,34,0,0,0,0,0,0,0,0,0,0,0,0,0,0,0,0,0,0,48,60,2211,1,0,0
2026-07-02T12:21:03.387Z,31.399,65.158,418,0,1,32,27.544,70.621,0,953.264,0,0,30.82,70.87,443,0,1,43,30.32,70.276,444,0,1,44,32.029,64.511,461,0,1,52,0,0,0,0,0,0,0,0,0,0,0,0,0,0,0,0,0,0,48,60,2197,1,0,0
2026-07-02T12:21:13.388Z,31.441,65.23,408,0,1,27,27.534,70.632,0,953.22,0,0,30.81,70.91,455,0,1,49,30.331,70.141,443,0,1,43,32.0,64.482,447,0,1,45,0,0,0,0,0,0,0,0,0,0,0,0,0,0,0,0,0,0,48,60,2192,1,0,0
2026-07-02T12:21:23.388Z,31.455,65.265,434,0,1,39,27.528,70.643,0,953.213,0,0,30.725,71.122,444,0,1,44,30.346,70.156,442,0,1,43,31.977,64.626,431,0,1,38,0,0,0,0,0,0,0,0,0,0,0,0,0,0,0,0,0,0,48,60,2227,1,0,0
2026-07-02T12:21:33.389Z,31.518,65.387,431,0,1,38,27.534,70.632,0,953.248,0,0,30.717,71.298,455,0,1,49,30.313,70.067,450,0,1,47,31.967,64.731,447,0,1,45,0,0,0,0,0,0,0,0,0,0,0,0,0,0,0,0,0,0,48,60,2234,1,0,0
2026-07-02T12:21:43.389Z,31.455,65.335,437,0,1,40,27.528,70.638,0,953.24,0,0,30.734,71.389,464,0,1,53,30.26,70.1,426,0,1,36,31.927,64.698,440,0,1,42,0,0,0,0,0,0,0,0,0,0,0,0,0,0,0,0,0,0,48,60,2255,1,0,0
2026-07-02T12:21:53.389Z,31.42,65.411,416,0,1,31,27.528,70.649,0,953.268,0,0,30.727,71.47,457,0,1,50,30.255,70.153,441,0,1,42,31.916,64.723,456,0,1,50,0,0,0,0,0,0,0,0,0,0,0,0,0,0,0,0,0,0,48,60,2212,1,0,0
2026-07-02T12:22:03.390Z,31.426,65.462,432,0,1,38,27.523,70.603,0,953.233,0,0,30.775,71.363,456,0,1,50,30.219,70.246,434,0,1,39,31.89,64.79,443,0,1,43,0,0,0,0,0,0,0,0,0,0,0,0,0,0,0,0,0,0,48,60,2173,1,0,0
2026-07-02T12:22:13.390Z,31.403,65.483,412,0,1,29,27.513,70.683,0,953.245,0,0,30.842,71.201,451,0,1,47,30.186,70.41,435,0,1,40,31.924,64.803,473,0,1,58,0,0,0,0,0,0,0,0,0,0,0,0,0,0,0,0,0,0,48,60,2237,1,0,0
2026-07-02T12:22:23.390Z,31.406,65.505,416,0,1,31,27.528,70.748,0,953.296,0,0,30.794,71.171,466,0,1,55,30.177,70.466,405,0,1,26,31.915,64.795,436,0,1,40,0,0,0,0,0,0,0,0,0,0,0,0,0,0,0,0,0,0,48,60,2179,1,0,0
2026-07-02T12:22:33.390Z,31.451,65.508,424,0,1,35,27.528,70.672,0,953.268,0,0,30.904,71.165,450,0,1,47,30.166,70.564,440,0,1,42,31.916,64.781,463,0,1,53,0,0,0,0,0,0,0,0,0,0,0,0,0,0,0,0,0,0,48,60,2256,1,0,0
2026-07-02T12:22:43.390Z,31.396,65.431,418,0,1,32,27.534,70.754,0,953.304,0,0,30.91,71.018,431,0,1,38,30.133,70.402,418,0,1,32,31.941,64.844,470,0,1,56,0,0,0,0,0,0,0,0,0,0,0,0,0,0,0,0,0,0,48,60,2211,1,0,0
2026-07-02T12:22:53.391Z,31.413,65.463,418,0,1,32,27.523,70.707,0,953.233,0,0,30.958,70.824,460,0,1,52,30.055,70.977,435,0,1,40,31.938,64.794,469,0,1,56,0,0,0,0,0,0,0,0,0,0,0,0,0,0,0,0,0,0,48,60,2233,1,0,0
2026-07-02T12:23:03.391Z,31.371,65.336,421,0,1,33,27.513,70.365,0,953.301,0,0,30.942,70.645,444,0,1,44,30.039,71.009,451,0,1,47,31.923,64.789,464,0,1,53,0,0,0,0,0,0,0,0,0,0,0,0,0,0,0,0,0,0,48,60,2221,1,0,0
2026-07-02T12:23:13.390Z,31.333,65.25,436,0,1,40,27.513,70.388,0,953.273,0,0,30.903,70.545,441,0,1,42,30.04,71.008,436,0,1,40,31.955,64.748,471,0,1,57,0,0,0,0,0,0,0,0,0,0,0,0,0,0,0,0,0,0,48,60,2235,1,0,0
2026-07-02T12:23:23.390Z,31.258,65.284,402,0,1,25,27.513,70.44,0,953.328,0,0,30.938,70.412,446,0,1,45,30.038,70.919,430,0,1,37,31.965,64.762,451,0,1,47,0,0,0,0,0,0,0,0,0,0,0,0,0,0,0,0,0,0,48,60,2194,1,0,0
2026-07-02T12:23:33.419Z,31.208,65.335,429,0,1,37,27.513,70.371,0,953.273,0,0,30.944,70.313,437,0,1,40,30.053,70.776,419,0,1,32,31.938,64.672,447,0,1,45,0,0,0,0,0,0,0,0,0,0,0,0,0,0,0,0,0,0,48,60,2195,1,0,0
2026-07-02T12:23:43.484Z,31.182,65.359,431,0,1,38,27.498,70.445,0,953.277,0,0,30.932,70.241,438,0,1,41,30.034,71.004,436,0,1,40,31.924,64.673,448,0,1,46,0,0,0,0,0,0,0,0,0,0,0,0,0,0,0,0,0,0,48,60,2213,1,0,0
2026-07-02T12:23:53.566Z,31.102,65.633,430,0,1,37,27.508,70.272,0,953.293,0,0,30.852,70.396,438,0,1,41,30.017,70.947,422,0,1,34,31.863,64.705,452,0,1,48,0,0,0,0,0,0,0,0,0,0,0,0,0,0,0,0,0,0,48,60,2198,1,0,0
2026-07-02T12:24:03.632Z,31.054,65.671,408,0,1,27,27.493,70.109,0,953.325,0,0,30.834,70.405,438,0,1,41,30.018,70.986,429,0,1,37,31.843,64.723,452,0,1,47,0,0,0,0,0,0,0,0,0,0,0,0,0,0,0,0,0,0,48,60,2154,1,0,0
2026-07-02T12:24:13.680Z,31.061,65.987,400,0,1,24,27.493,70.179,0,953.242,0,0,30.819,70.588,437,0,1,40,30.059,70.844,430,0,1,37,31.803,64.856,431,0,1,38,0,0,0,0,0,0,0,0,0,0,0,0,0,0,0,0,0,0,48,60,2221,1,0,0
2026-07-02T12:24:23.728Z,31.035,65.979,420,0,1,33,27.483,70.195,0,953.337,0,0,30.71,70.756,453,0,1,48,30.178,70.609,407,0,1,27,31.727,64.995,471,0,1,57,0,0,0,0,0,0,0,0,0,0,0,0,0,0,0,0,0,0,48,60,2221,1,0,0
2026-07-02T12:24:33.794Z,31.032,65.839,415,0,1,30,27.473,70.033,0,953.266,0,0,30.757,70.578,446,0,1,45,30.257,70.309,421,0,1,33,31.715,64.981,453,0,1,48,0,0,0,0,0,0,0,0,0,0,0,0,0,0,0,0,0,0,48,60,2224,1,0,0
2026-07-02T12:24:43.877Z,30.977,65.7,400,0,1,19,27.483,69.825,0,953.282,0,0,30.742,70.604,450,0,1,47,30.34,69.996,404,0,1,25,31.659,64.968,449,0,1,46,0,0,0,0,0,0,0,0,0,0,0,0,0,0,0,0,0,0,48,60,2183,1,0,0
2026-07-02T12:24:53.876Z,30.99,65.7,409,0,1,28,27.478,69.79,0,953.33,0,0,30.734,70.487,466,0,1,55,30.307,69.947,430,0,1,37,31.676,64.963,435,0,1,39,0,0,0,0,0,0,0,0,0,0,0,0,0,0,0,0,0,0,48,60,2210,1,0,0
2026-07-02T12:25:04.074Z,31.023,65.698,423,0,1,34,27.478,69.819,0,953.274,0,0,30.782,70.517,432,0,1,38,30.309,69.898,433,0,1,38,31.728,64.963,461,0,1,52,0,0,0,0,0,0,0,0,0,0,0,0,0,0,0,0,0,0,48,60,2226,1,0,0
2026-07-02T12:25:14.124Z,31.03,65.564,400,0,1,20,27.483,69.889,0,953.31,0,0,30.792,70.29,441,0,1,42,30.253,69.994,418,0,1,32,31.712,65.069,460,0,1,52,0,0,0,0,0,0,0,0,0,0,0,0,0,0,0,0,0,0,48,60,2245,1,0,0
2026-07-02T12:25:24.188Z,31.012,65.505,420,0,1,33,27.478,69.785,0,953.357,0,0,30.778,70.194,422,0,1,34,30.231,70.063,432,0,1,38,31.7,64.896,424,0,1,34,0,0,0,0,0,0,0,0,0,0,0,0,0,0,0,0,0,0,48,60,2266,1,0,0
2026-07-02T12:25:34.306Z,31.009,65.477,433,0,1,38,27.488,69.912,0,953.345,0,0,30.75,70.252,438,0,1,41,30.281,70.106,434,0,1,39,31.702,64.971,450,0,1,47,0,0,0,0,0,0,0,0,0,0,0,0,0,0,0,0,0,0,48,60,2209,1,0,0
2026-07-02T12:25:44.386Z,30.984,65.526,400,0,1,16,27.483,69.953,0,953.365,0,0,30.758,70.31,428,0,1,36,30.249,69.963,424,0,1,34,31.698,64.906,451,0,1,47,0,0,0,0,0,0,0,0,0,0,0,0,0,0,0,0,0,0,48,60,2209,1,0,0
2026-07-02T12:25:54.452Z,30.979,65.665,406,0,1,26,27.473,69.825,0,953.322,0,0,30.726,70.303,429,0,1,37,30.2,70.06,432,0,1,38,31.694,64.93,450,0,1,47,0,0,0,0,0,0,0,0,0,0,0,0,0,0,0,0,0,0,48,60,2199,1,0,0
2026-07-02T12:26:04.517Z,30.98,65.693,400,0,1,24,27.473,69.778,0,953.294,0,0,30.735,70.352,428,0,1,36,30.187,70.283,428,0,1,36,31.731,64.858,418,0,1,32,0,0,0,0,0,0,0,0,0,0,0,0,0,0,0,0,0,0,48,60,2180,1,0,0
2026-07-02T12:26:14.600Z,30.944,65.851,412,0,1,29,27.473,69.958,0,953.294,0,0,30.767,70.504,437,0,1,40,30.136,70.378,430,0,1,37,31.746,64.904,445,0,1,44,0,0,0,0,0,0,0,0,0,0,0,0,0,0,0,0,0,0,48,60,2191,1,0,0
2026-07-02T12:26:24.649Z,30.923,65.854,406,0,1,27,27.483,70.074,0,953.365,0,0,30.766,70.592,457,0,1,50,30.126,70.511,400,0,1,22,31.757,64.924,460,0,1,51,0,0,0,0,0,0,0,0,0,0,0,0,0,0,0,0,0,0,48,60,2227,1,0,0
2026-07-02T12:26:34.715Z,30.938,65.84,400,0,1,19,27.468,69.894,0,953.37,0,0,30.758,70.551,452,0,1,48,30.201,70.464,418,0,1,32,31.789,64.921,481,0,1,62,0,0,0,0,0,0,0,0,0,0,0,0,0,0,0,0,0,0,48,60,2222,1,0,0
2026-07-02T12:26:44.762Z,30.969,65.783,403,0,1,25,27.468,69.784,0,953.37,0,0,30.733,70.463,443,0,1,43,30.202,70.348,411,0,1,28,31.821,64.867,463,0,1,53,0,0,0,0,0,0,0,0,0,0,0,0,0,0,0,0,0,0,48,60,2177,1,0,0
2026-07-02T12:26:54.810Z,30.984,65.602,415,0,1,30,27.473,69.813,0,953.377,0,0,30.733,70.319,446,0,1,45,30.189,70.046,416,0,1,31,31.852,64.678,430,0,1,37,0,0,0,0,0,0,0,0,0,0,0,0,0,0,0,0,0,0,48,60,2226,1,0,0
2026-07-02T12:27:04.877Z,30.989,65.66,425,0,1,35,27.473,69.825,0,953.377,0,0,30.708,70.393,429,0,1,37,30.188,70.107,400,0,1,20,31.835,64.52,438,0,1,41,0,0,0,0,0,0,0,0,0,0,0,0,0,0,0,0,0,0,48,60,2230,1,0,0
2026-07-02T12:27:14.909Z,30.985,65.794,428,0,1,36,27.473,69.946,0,953.35,0,0,30.612,70.556,463,0,1,53,30.225,70.013,418,0,1,32,31.816,64.603,442,0,1,43,0,0,0,0,0,0,0,0,0,0,0,0,0,0,0,0,0,0,48,60,2203,1,0,0
2026-07-02T12:27:24.958Z,30.942,65.709,400,0,1,23,27.463,69.841,0,953.39,0,0,30.502,70.797,430,0,1,37,30.235,69.912,400,0,1,21,31.845,64.515,454,0,1,49,0,0,0,0,0,0,0,0,0,0,0,0,0,0,0,0,0,0,48,60,2256,1,0,0
2026-07-02T12:27:34.958Z,30.933,65.806,419,0,1,32,27.473,69.958,0,953.35,0,0,30.447,71.222,458,0,1,51,30.248,69.91,426,0,1,35,31.792,64.569,445,0,1,44,0,0,0,0,0,0,0,0,0,0,0,0,0,0,0,0,0,0,48,60,2192,1,0,0
2026-07-02T12:27:44.959Z,30.929,65.901,400,0,1,20,27.478,70.01,0,953.33,0,0,30.472,71.219,436,0,1,40,30.306,69.871,417,0,1,31,31.828,64.611,459,0,1,51,0,0,0,0,0,0,0,0,0,0,0,0,0,0,0,0,0,0,48,60,2207,1,0,0
2026-07-02T12:27:54.958Z,30.917,65.807,400,0,1,24,27.463,69.928,0,953.278,0,0,30.51,71.114,434,0,1,39,30.277,69.566,416,0,1,31,31.837,64.611,470,0,1,56,0,0,0,0,0,0,0,0,0,0,0,0,0,0,0,0,0,0,48,60,2276,1,0,0
2026-07-02T12:28:04.959Z,30.93,65.932,426,0,1,36,27.473,70.102,0,953.294,0,0,30.51,71.075,445,0,1,44,30.231,69.523,417,0,1,31,31.839,64.543,457,0,1,50,0,0,0,0,0,0,0,0,0,0,0,0,0,0,0,0,0,0,48,60,2226,1,0,0
2026-07-02T12:28:14.959Z,30.93,65.932,426,0,1,36,27.473,70.102,0,953.294,0,0,30.51,71.075,445,0,1,44,30.231,69.523,417,0,1,31,31.839,64.543,457,0,1,50,0,0,0,0,0,0,0,0,0,0,0,0,0,0,0,0,0,0,48,60,2226,1,0,0
2026-07-02T12:28:24.959Z,31.008,65.733,413,0,1,29,27.473,69.929,0,953.35,0,0,30.576,70.912,454,0,1,49,30.253,69.697,441,0,1,42,31.868,64.446,451,0,1,47,0,0,0,0,0,0,0,0,0,0,0,0,0,0,0,0,0,0,48,60,2209,1,0,0
2026-07-02T12:28:34.959Z,31.033,65.715,429,0,1,37,27.463,69.899,0,953.362,0,0,30.56,71.064,446,0,1,45,30.199,69.799,452,0,1,47,31.865,64.367,448,0,1,45,0,0,0,0,0,0,0,0,0,0,0,0,0,0,0,0,0,0,48,60,2230,1,0,0
2026-07-02T12:28:44.960Z,30.989,66.243,428,0,1,36,27.468,70.148,0,953.342,0,0,30.429,71.695,430,0,1,37,30.191,69.901,444,0,1,44,31.908,64.442,455,0,1,49,0,0,0,0,0,0,0,0,0,0,0,0,0,0,0,0,0,0,48,60,2224,1,0,0
2026-07-02T12:28:54.960Z,31.057,66.217,407,0,1,27,27.478,70.27,0,953.357,0,0,30.47,71.924,449,0,1,46,30.158,70.082,428,0,1,36,31.917,64.418,466,0,1,54,0,0,0,0,0,0,0,0,0,0,0,0,0,0,0,0,0,0,48,60,2222,1,0,0
2026-07-02T12:29:04.961Z,31.096,66.23,448,0,1,46,27.478,70.363,0,953.413,0,0,30.572,71.836,452,0,1,48,30.17,70.301,437,0,1,40,31.864,64.539,464,0,1,53,0,0,0,0,0,0,0,0,0,0,0,0,0,0,0,0,0,0,48,60,2241,1,0,0
2026-07-02T12:29:14.961Z,31.126,66.192,430,0,1,37,27.468,70.478,0,953.342,0,0,30.594,71.84,436,0,1,40,30.166,70.299,417,0,1,31,31.867,64.623,462,0,1,53,0,0,0,0,0,0,0,0,0,0,0,0,0,0,0,0,0,0,48,60,2207,1,0,0
2026-07-02T12:29:24.961Z,31.161,66.139,426,0,1,35,27.468,70.697,0,953.314,0,0,30.714,71.46,441,0,1,42,30.214,70.323,434,0,1,39,31.915,64.748,441,0,1,42,0,0,0,0,0,0,0,0,0,0,0,0,0,0,0,0,0,0,48,60,2215,1,0,0
2026-07-02T12:29:34.961Z,31.161,66.137,432,0,1,38,27.473,70.709,0,953.405,0,0,30.681,71.463,413,0,1,29,30.213,70.24,439,0,1,41,31.903,64.836,489,0,2,66,0,0,0,0,0,0,0,0,0,0,0,0,0,0,0,0,0,0,48,60,2213,1,0,0
2026-07-02T12:29:44.961Z,31.192,65.903,408,0,1,27,27.473,70.634,0,953.405,0,0,30.713,71.179,453,0,1,48,30.181,70.309,438,0,1,41,31.873,64.77,472,0,1,58,0,0,0,0,0,0,0,0,0,0,0,0,0,0,0,0,0,0,48,60,2203,1,0,0
2026-07-02T12:29:54.961Z,31.249,65.807,418,0,1,32,27.473,70.466,0,953.377,0,0,30.603,71.284,431,0,1,38,30.162,70.225,426,0,1,35,31.79,64.861,435,0,1,40,0,0,0,0,0,0,0,0,0,0,0,0,0,0,0,0,0,0,48,60,2247,1,0,0
2026-07-02T12:30:04.961Z,31.276,65.675,400,0,1,18,27.473,70.484,0,953.405,0,0,30.599,71.4,462,0,1,52,30.28,70.003,408,0,1,27,31.658,64.981,463,0,1,53,0,0,0,0,0,0,0,0,0,0,0,0,0,0,0,0,0,0,48,60,2275,1,0,0
2026-07-02T12:30:14.962Z,31.254,65.593,409,0,1,28,27.478,70.53,0,953.385,0,0,30.52,71.568,448,0,1,46,30.28,69.879,430,0,1,37,31.562,65.217,483,0,1,63,0,0,0,0,0,0,0,0,0,0,0,0,0,0,0,0,0,0,48,60,2196,1,0,0
2026-07-02T12:30:24.963Z,31.222,65.495,412,0,1,29,27.473,70.518,0,953.405,0,0,30.484,71.714,452,0,1,48,30.273,69.91,402,0,1,24,31.444,65.448,437,0,1,41,0,0,0,0,0,0,0,0,0,0,0,0,0,0,0,0,0,0,48,60,2224,1,0,0
2026-07-02T12:30:34.964Z,31.192,65.475,400,0,1,23,27.478,70.299,0,953.33,0,0,30.558,71.53,449,0,1,46,30.259,69.865,400,0,1,22,31.498,65.602,455,0,1,49,0,0,0,0,0,0,0,0,0,0,0,0,0,0,0,0,0,0,48,60,2175,1,0,0
2026-07-02T12:30:44.963Z,31.122,65.551,400,0,1,20,27.453,70.107,0,953.318,0,0,30.565,71.416,437,0,1,40,30.273,69.886,400,0,1,21,31.511,65.512,454,0,1,49,0,0,0,0,0,0,0,0,0,0,0,0,0,0,0,0,0,0,48,60,2192,1,0,0
2026-07-02T12:30:54.964Z,31.106,65.629,415,0,1,30,27.458,70.13,0,953.326,0,0,30.579,71.339,421,0,1,33,30.298,69.864,400,0,1,21,31.528,65.491,422,0,1,34,0,0,0,0,0,0,0,0,0,0,0,0,0,0,0,0,0,0,48,60,2250,1,0,0
2026-07-02T12:31:04.964Z,31.098,65.73,400,0,1,24,27.443,70.152,0,953.414,0,0,30.57,71.264,441,0,1,42,30.417,69.748,423,0,1,34,31.579,65.443,444,0,1,44,0,0,0,0,0,0,0,0,0,0,0,0,0,0,0,0,0,0,48,60,2210,1,0,0
2026-07-02T12:31:14.964Z,31.117,65.685,417,0,1,31,27.453,70.338,0,953.402,0,0,30.573,71.253,428,0,1,36,30.372,69.61,419,0,1,32,31.639,65.342,436,0,1,40,0,0,0,0,0,0,0,0,0,0,0,0,0,0,0,0,0,0,48,60,2231,1,0,0
2026-07-02T12:31:24.965Z,31.133,65.728,406,0,1,26,27.458,70.546,0,953.382,0,0,30.641,71.259,435,0,1,39,30.463,69.571,426,0,1,35,31.652,65.31,433,0,1,39,0,0,0,0,0,0,0,0,0,0,0,0,0,0,0,0,0,0,48,60,2191,1,0,0
2026-07-02T12:31:35.113Z,31.153,65.645,408,0,1,27,27.453,70.442,0,953.374,0,0,30.705,71.017,419,0,1,32,30.415,69.576,408,0,1,27,31.623,65.266,450,0,1,47,0,0,0,0,0,0,0,0,0,0,0,0,0,0,0,0,0,0,48,60,2265,1,0,0
2026-07-02T12:31:45.194Z,31.165,65.661,400,0,1,23,27.448,70.419,0,953.366,0,0,30.731,70.954,449,0,1,46,30.389,69.385,423,0,1,34,31.658,65.23,440,0,1,42,0,0,0,0,0,0,0,0,0,0,0,0,0,0,0,0,0,0,48,60,2221,1,0,0
2026-07-02T12:31:55.194Z,31.126,65.551,413,0,1,30,27.433,70.238,0,953.315,0,0,30.721,70.779,419,0,1,32,30.331,69.552,420,0,1,33,31.656,65.248,456,0,1,50,0,0,0,0,0,0,0,0,0,0,0,0,0,0,0,0,0,0,48,60,2246,1,0,0
2026-07-02T12:32:05.194Z,31.178,65.49,419,0,1,32,27.443,70.28,0,953.303,0,0,30.665,70.74,444,0,1,44,30.306,69.538,400,0,1,18,31.734,65.184,416,0,1,31,0,0,0,0,0,0,0,0,0,0,0,0,0,0,0,0,0,0,48,60,2213,1,0,0
2026-07-02T12:32:15.194Z,31.228,65.397,412,0,1,29,27.438,70.169,0,953.406,0,0,30.549,71.006,425,0,1,35,30.318,69.513,405,0,1,26,31.543,65.059,418,0,1,32,0,0,0,0,0,0,0,0,0,0,0,0,0,0,0,0,0,0,48,60,2209,1,0,0
2026-07-02T12:32:25.195Z,31.247,65.499,420,0,1,33,27.443,70.326,0,953.303,0,0,30.375,71.595,415,0,1,30,30.326,69.612,422,0,1,34,31.465,65.36,405,0,1,26,0,0,0,0,0,0,0,0,0,0,0,0,0,0,0,0,0,0,48,60,2267,1,0,0
2026-07-02T12:32:35.194Z,31.202,65.473,407,0,1,27,27.443,70.395,0,953.358,0,0,30.511,71.769,449,0,1,46,30.372,69.62,457,0,1,50,31.383,65.622,439,0,1,41,0,0,0,0,0,0,0,0,0,0,0,0,0,0,0,0,0,0,48,60,2225,1,0,0
2026-07-02T12:32:45.195Z,31.226,65.436,425,0,1,35,27.448,70.286,0,953.311,0,0,30.586,71.516,439,0,1,42,30.361,69.487,422,0,1,34,31.453,65.837,434,0,1,39,0,0,0,0,0,0,0,0,0,0,0,0,0,0,0,0,0,0,48,60,2256,1,0,0
2026-07-02T12:32:55.196Z,31.173,65.655,410,0,1,28,27.453,70.28,0,953.318,0,0,30.606,71.444,433,0,1,39,30.403,69.505,443,0,1,44,31.466,65.77,459,0,1,51,0,0,0,0,0,0,0,0,0,0,0,0,0,0,0,0,0,0,48,60,2202,1,0,0
2026-07-02T12:33:05.195Z,31.122,66.076,400,0,1,22,27.448,70.499,0,953.394,0,0,30.58,71.681,457,0,1,50,30.356,69.605,436,0,1,40,31.555,65.664,462,0,1,52,0,0,0,0,0,0,0,0,0,0,0,0,0,0,0,0,0,0,48,60,2182,1,0,0
2026-07-02T12:33:15.197Z,31.052,66.36,412,0,1,29,27.453,70.679,0,953.318,0,0,30.492,71.902,434,0,1,39,30.311,69.568,436,0,1,40,31.654,65.659,438,0,1,41,0,0,0,0,0,0,0,0,0,0,0,0,0,0,0,0,0,0,48,60,2256,1,0,0
2026-07-02T12:33:25.197Z,31.106,66.178,410,0,1,28,27.463,70.72,0,953.334,0,0,30.485,71.753,435,0,1,40,30.291,69.852,433,0,1,39,31.648,65.468,426,0,1,35,0,0,0,0,0,0,0,0,0,0,0,0,0,0,0,0,0,0,48,60,2221,1,0,0
2026-07-02T12:33:35.196Z,31.097,65.779,424,0,1,34,27.443,70.459,0,953.303,0,0,30.575,71.337,451,0,1,47,30.317,69.767,401,0,1,24,31.703,65.287,446,0,1,45,0,0,0,0,0,0,0,0,0,0,0,0,0,0,0,0,0,0,48,60,2242,1,0,0
2026-07-02T12:33:45.197Z,31.101,65.624,410,0,1,28,27.448,70.28,0,953.338,0,0,30.595,71.149,446,0,1,45,30.353,69.668,443,0,1,43,31.702,65.16,440,0,1,42,0,0,0,0,0,0,0,0,0,0,0,0,0,0,0,0,0,0,48,60,2215,1,0,0
2026-07-02T12:33:55.197Z,31.014,65.59,415,0,1,30,27.443,70.1,0,953.303,0,0,30.576,70.969,406,0,1,27,30.371,69.596,430,0,1,37,31.681,65.01,454,0,1,49,0,0,0,0,0,0,0,0,0,0,0,0,0,0,0,0,0,0,48,60,2231,1,0,0
2026-07-02T12:34:05.197Z,30.997,65.652,406,0,1,26,27.438,69.973,0,953.351,0,0,30.605,70.973,448,0,1,45,30.322,69.45,400,0,1,23,31.676,64.916,439,0,1,41,0,0,0,0,0,0,0,0,0,0,0,0,0,0,0,0,0,0,48,60,2237,1,0,0
2026-07-02T12:34:15.197Z,31.01,65.669,404,0,1,26,27.438,70.14,0,953.351,0,0,30.627,71.019,441,0,1,42,30.365,69.555,400,0,1,22,31.683,65.066,440,0,1,42,0,0,0,0,0,0,0,0,0,0,0,0,0,0,0,0,0,0,48,60,2209,1,0,0
2026-07-02T12:34:25.198Z,31.041,65.381,425,0,1,35,27.422,69.81,0,953.327,0,0,30.647,70.69,431,0,1,38,30.308,69.532,417,0,1,31,31.705,64.934,422,0,1,34,0,0,0,0,0,0,0,0,0,0,0,0,0,0,0,0,0,0,48,60,2218,1,0,0
2026-07-02T12:34:35.197Z,31.08,65.26,416,0,1,31,27.438,69.967,0,953.323,0,0,30.731,70.339,447,0,1,45,30.269,69.561,424,0,1,34,31.761,64.775,466,0,1,54,0,0,0,0,0,0,0,0,0,0,0,0,0,0,0,0,0,0,48,60,2198,1,0,0
2026-07-02T12:34:45.198Z,31.141,65.495,400,0,1,24,27.433,70.325,0,953.343,0,0,30.655,70.818,456,0,1,50,30.25,69.641,411,0,1,29,31.777,64.805,438,0,1,41,0,0,0,0,0,0,0,0,0,0,0,0,0,0,0,0,0,0,48,60,2192,1,0,0
2026-07-02T12:34:55.198Z,31.103,65.442,409,0,1,27,27.443,70.54,0,953.358,0,0,30.743,70.946,435,0,1,40,30.226,69.732,433,0,1,39,31.798,64.826,444,0,1,44,0,0,0,0,0,0,0,0,0,0,0,0,0,0,0,0,0,0,48,60,2224,1,0,0
2026-07-02T12:35:05.198Z,31.061,65.238,400,0,1,22,27.433,69.978,0,953.371,0,0,30.747,70.386,426,0,1,35,30.165,69.615,431,0,1,38,31.802,64.793,450,0,1,47,0,0,0,0,0,0,0,0,0,0,0,0,0,0,0,0,0,0,48,60,2245,1,0,0
2026-07-02T12:35:15.199Z,31.034,65.201,400,0,1,23,27.428,69.874,0,953.391,0,0,30.793,70.157,437,0,1,40,30.116,69.837,420,0,1,32,31.801,64.652,452,0,1,47,0,0,0,0,0,0,0,0,0,0,0,0,0,0,0,0,0,0,48,60,2215,1,0,0
2026-07-02T12:35:25.200Z,31.021,65.141,427,0,1,36,27.428,69.943,0,953.335,0,0,30.786,70.054,432,0,1,38,30.09,69.894,422,0,1,33,31.818,64.562,428,0,1,36,0,0,0,0,0,0,0,0,0,0,0,0,0,0,0,0,0,0,48,60,2193,1,0,0
2026-07-02T12:35:35.200Z,30.998,64.974,401,0,1,24,27.433,69.776,0,953.399,0,0,30.779,69.757,455,0,1,49,30.096,70.021,409,0,1,27,31.813,64.508,440,0,1,42,0,0,0,0,0,0,0,0,0,0,0,0,0,0,0,0,0,0,48,60,2235,1,0,0
2026-07-02T12:35:45.198Z,31.009,65.02,400,0,1,20,27.428,69.77,0,953.335,0,0,30.724,69.74,415,0,1,30,30.104,69.959,408,0,1,27,31.791,64.436,462,0,1,53,0,0,0,0,0,0,0,0,0,0,0,0,0,0,0,0,0,0,48,60,2187,1,0,0
2026-07-02T12:35:55.199Z,31.031,65.012,416,0,1,31,27.422,69.798,0,953.383,0,0,30.72,69.759,438,0,1,41,30.127,70.073,424,0,1,34,31.802,64.409,449,0,1,46,0,0,0,0,0,0,0,0,0,0,0,0,0,0,0,0,0,0,48,60,2195,1,0,0
2026-07-02T12:36:05.231Z,30.987,64.969,425,0,1,35,27.422,69.891,0,953.355,0,0,30.699,69.827,442,0,1,43,30.146,69.996,417,0,1,31,31.824,64.583,430,0,1,37,0,0,0,0,0,0,0,0,0,0,0,0,0,0,0,0,0,0,48,60,2252,1,0,0
2026-07-02T12:36:15.263Z,31.049,65.058,417,0,1,31,27.422,69.972,0,953.355,0,0,30.716,70.153,438,0,1,41,30.105,69.961,423,0,1,34,31.801,64.444,467,0,1,55,0,0,0,0,0,0,0,0,0,0,0,0,0,0,0,0,0,0,48,60,2170,1,0,0
2026-07-02T12:36:25.311Z,31.077,65.085,429,0,1,37,27.417,69.867,0,953.375,0,0,30.748,70.186,428,0,1,36,30.169,70.044,440,0,1,42,31.82,64.518,439,0,1,41,0,0,0,0,0,0,0,0,0,0,0,0,0,0,0,0,0,0,48,60,2261,1,0,0
2026-07-02T12:36:35.376Z,31.063,65.123,409,0,1,28,27.422,69.845,0,953.411,0,0,30.635,70.513,445,0,1,44,30.231,69.846,423,0,1,34,31.813,64.523,461,0,1,52,0,0,0,0,0,0,0,0,0,0,0,0,0,0,0,0,0,0,48,60,2181,1,0,0
2026-07-02T12:36:45.442Z,31.036,65.247,405,0,1,26,27.417,69.977,0,953.347,0,0,30.675,70.811,446,0,1,45,30.304,69.756,409,0,1,28,31.8,64.474,457,0,1,50,0,0,0,0,0,0,0,0,0,0,0,0,0,0,0,0,0,0,48,60,2256,1,0,0
2026-07-02T12:36:55.507Z,30.986,65.107,400,0,1,22,27.412,69.653,0,953.367,0,0,30.659,70.449,430,0,1,37,30.364,69.531,413,0,1,29,31.726,64.499,455,0,1,49,0,0,0,0,0,0,0,0,0,0,0,0,0,0,0,0,0,0,48,60,2224,1,0,0
2026-07-02T12:37:05.656Z,30.99,64.948,400,0,1,22,27.397,69.346,0,953.372,0,0,30.592,70.478,420,0,1,32,30.368,69.266,400,0,1,23,31.718,64.504,451,0,1,47,0,0,0,0,0,0,0,0,0,0,0,0,0,0,0,0,0,0,48,60,2261,1,0,0
2026-07-02T12:37:15.722Z,31.079,65.231,416,0,1,31,27.397,69.589,0,953.344,0,0,30.262,71.018,423,0,1,34,30.391,68.976,400,0,1,20,31.544,64.587,449,0,1,46,0,0,0,0,0,0,0,0,0,0,0,0,0,0,0,0,0,0,48,60,2251,1,0,0
2026-07-02T12:37:25.787Z,31.096,65.275,400,0,1,23,27.402,69.71,0,953.38,0,0,30.209,71.448,424,0,1,34,30.345,68.906,413,0,1,29,31.422,64.882,432,0,1,38,0,0,0,0,0,0,0,0,0,0,0,0,0,0,0,0,0,0,48,60,2226,1,0,0
2026-07-02T12:37:35.854Z,31.152,65.192,406,0,1,26,27.402,69.716,0,953.38,0,0,30.147,71.814,416,0,1,31,30.322,68.86,417,0,1,31,31.31,65.191,451,0,1,47,0,0,0,0,0,0,0,0,0,0,0,0,0,0,0,0,0,0,48,60,2190,1,0,0
2026-07-02T12:37:45.918Z,31.213,65.214,422,0,1,34,27.412,69.844,0,953.479,0,0,30.1,72.119,431,0,1,38,30.28,69.09,430,0,1,37,31.257,65.476,443,0,1,43,0,0,0,0,0,0,0,0,0,0,0,0,0,0,0,0,0,0,48,60,2219,1,0,0
2026-07-02T12:37:55.984Z,31.232,65.04,400,0,1,21,27.407,69.867,0,953.443,0,0,30.08,72.28,439,0,1,41,30.282,69.162,400,0,1,22,31.134,65.752,430,0,1,37,0,0,0,0,0,0,0,0,0,0,0,0,0,0,0,0,0,0,48,60,2195,1,0,0
2026-07-02T12:38:06.049Z,31.213,64.666,423,0,1,34,27.412,69.347,0,953.423,0,0,30.178,71.755,436,0,1,40,30.316,69.198,400,0,1,19,31.102,65.931,421,0,1,33,0,0,0,0,0,0,0,0,0,0,0,0,0,0,0,0,0,0,48,60,2206,1,0,0
2026-07-02T12:38:16.114Z,31.144,64.473,400,0,1,17,27.402,69.323,0,953.38,0,0,30.334,71.225,422,0,1,34,30.336,69.162,410,0,1,28,31.207,65.729,437,0,1,40,0,0,0,0,0,0,0,0,0,0,0,0,0,0,0,0,0,0,48,60,2237,1,0,0
2026-07-02T12:38:26.181Z,31.045,64.478,400,0,1,21,27.402,69.358,0,953.407,0,0,30.414,70.887,429,0,1,37,30.362,68.969,402,0,1,25,31.309,65.655,442,0,1,43,0,0,0,0,0,0,0,0,0,0,0,0,0,0,0,0,0,0,48,60,2255,1,0,0
2026-07-02T12:38:36.247Z,31.04,64.576,402,0,1,24,27.397,69.138,0,953.372,0,0,30.42,70.624,424,0,1,35,30.357,68.815,402,0,1,25,31.32,65.361,419,0,1,32,0,0,0,0,0,0,0,0,0,0,0,0,0,0,0,0,0,0,48,60,2221,1,0,0
2026-07-02T12:38:46.311Z,30.987,64.799,409,0,1,28,27.382,69.235,0,953.348,0,0,30.319,70.641,407,0,1,27,30.329,68.764,408,0,1,27,31.377,65.11,424,0,1,34,0,0,0,0,0,0,0,0,0,0,0,0,0,0,0,0,0,0,48,60,2250,1,0,0
2026-07-02T12:38:56.393Z,30.964,64.818,416,0,1,31,27.397,69.219,0,953.372,0,0,30.313,70.668,423,0,1,34,30.324,68.649,402,0,1,24,31.405,65.036,408,0,1,27,0,0,0,0,0,0,0,0,0,0,0,0,0,0,0,0,0,0,48,60,2230,1,0,0
2026-07-02T12:39:06.443Z,31.003,65.071,400,0,1,23,27.402,69.618,0,953.38,0,0,30.468,70.701,429,0,1,37,30.34,68.89,404,0,1,25,31.484,65.006,448,0,1,46,0,0,0,0,0,0,0,0,0,0,0,0,0,0,0,0,0,0,48,60,2266,1,0,0
2026-07-02T12:39:16.443Z,30.991,65.106,404,0,1,26,27.397,69.745,0,953.344,0,0,30.412,70.815,411,0,1,29,30.314,68.773,400,0,1,22,31.512,64.997,437,0,1,41,0,0,0,0,0,0,0,0,0,0,0,0,0,0,0,0,0,0,48,60,2194,1,0,0
2026-07-02T12:39:26.623Z,31.084,65.394,405,0,1,26,27.407,69.826,0,953.415,0,0,30.263,71.271,425,0,1,35,30.383,69.079,417,0,1,31,31.395,65.167,436,0,1,40,0,0,0,0,0,0,0,0,0,0,0,0,0,0,0,0,0,0,48,60,2232,1,0,0
2026-07-02T12:39:36.671Z,31.157,65.356,413,0,1,30,27.397,69.837,0,953.372,0,0,30.21,71.664,433,0,1,39,30.347,69.012,424,0,1,34,31.279,65.348,426,0,1,35,0,0,0,0,0,0,0,0,0,0,0,0,0,0,0,0,0,0,48,60,2210,1,0,0
2026-07-02T12:39:46.738Z,31.195,65.294,400,0,1,23,27.397,69.976,0,953.344,0,0,30.147,71.947,416,0,1,31,30.387,68.874,423,0,1,34,31.265,65.562,433,0,1,39,0,0,0,0,0,0,0,0,0,0,0,0,0,0,0,0,0,0,48,60,2222,1,0,0
2026-07-02T12:39:56.803Z,31.176,65.272,428,0,1,36,27.407,70.058,0,953.415,0,0,30.171,72.058,448,0,1,46,30.426,68.923,418,0,1,32,31.244,65.635,442,0,1,43,0,0,0,0,0,0,0,0,0,0,0,0,0,0,0,0,0,0,48,60,2195,1,0,0
2026-07-02T12:40:06.869Z,31.22,65.094,416,0,1,31,27.407,70.237,0,953.36,0,0,30.26,72.121,414,0,1,30,30.44,68.871,421,0,1,33,31.303,65.678,416,0,1,31,0,0,0,0,0,0,0,0,0,0,0,0,0,0,0,0,0,0,48,60,2191,1,0,0
2026-07-02T12:40:16.869Z,31.197,64.879,417,0,1,31,27.402,69.924,0,953.352,0,0,30.27,71.96,412,0,1,29,30.456,68.727,413,0,1,29,31.33,65.684,441,0,1,43,0,0,0,0,0,0,0,0,0,0,0,0,0,0,0,0,0,0,48,60,2224,1,0,0
2026-07-02T12:40:26.869Z,31.089,64.681,400,0,1,23,27.397,69.461,0,953.344,0,0,30.382,71.142,420,0,1,33,30.444,68.644,414,0,1,30,31.433,65.322,435,0,1,39,0,0,0,0,0,0,0,0,0,0,0,0,0,0,0,0,0,0,48,60,2256,1,0,0
2026-07-02T12:40:36.869Z,31.047,64.87,402,0,1,24,27.397,69.467,0,953.372,0,0,30.44,70.96,447,0,1,45,30.4,68.75,403,0,1,25,31.429,65.187,427,0,1,36,0,0,0,0,0,0,0,0,0,0,0,0,0,0,0,0,0,0,48,60,2202,1,0,0
2026-07-02T12:40:46.870Z,31.066,65.118,414,0,1,30,27.392,69.617,0,953.28,0,0,30.511,70.952,417,0,1,31,30.415,68.825,413,0,1,30,31.472,65.092,439,0,1,41,0,0,0,0,0,0,0,0,0,0,0,0,0,0,0,0,0,0,48,60,2247,1,0,0
2026-07-02T12:40:56.871Z,31.034,65.062,408,0,1,27,27.402,69.676,0,953.407,0,0,30.551,70.721,426,0,1,35,30.398,68.799,413,0,1,29,31.518,65.041,455,0,1,49,0,0,0,0,0,0,0,0,0,0,0,0,0,0,0,0,0,0,48,60,2214,1,0,0
2026-07-02T12:41:06.871Z,30.978,65.201,424,0,1,35,27.402,69.959,0,953.38,0,0,30.587,70.612,434,0,1,39,30.364,68.9,419,0,1,32,31.579,64.901,438,0,1,41,0,0,0,0,0,0,0,0,0,0,0,0,0,0,0,0,0,0,48,60,2201,1,0,0
2026-07-02T12:41:16.872Z,30.951,65.308,412,0,1,29,27.397,69.988,0,953.455,0,0,30.582,70.509,417,0,1,31,30.289,69.129,417,0,1,31,31.673,64.805,433,0,1,39,0,0,0,0,0,0,0,0,0,0,0,0,0,0,0,0,0,0,48,60,2256,1,0,0
2026-07-02T12:41:26.872Z,30.951,65.315,410,0,1,28,27.397,69.733,0,953.344,0,0,30.569,70.44,437,0,1,41,30.266,69.314,412,0,1,29,31.693,64.695,432,0,1,38,0,0,0,0,0,0,0,0,0,0,0,0,0,0,0,0,0,0,48,60,2219,1,0,0
2026-07-02T12:41:36.873Z,30.952,65.314,400,0,1,23,27.402,69.872,0,953.435,0,0,30.558,70.536,437,0,1,40,30.257,69.266,401,0,1,24,31.705,64.653,441,0,1,42,0,0,0,0,0,0,0,0,0,0,0,0,0,0,0,0,0,0,48,60,2254,1,0,0
2026-07-02T12:41:46.873Z,30.949,65.384,418,0,1,32,27.402,70.202,0,953.407,0,0,30.61,70.554,450,0,1,47,30.184,69.354,404,0,1,26,31.755,64.569,432,0,1,38,0,0,0,0,0,0,0,0,0,0,0,0,0,0,0,0,0,0,48,60,2180,1,0,0
2026-07-02T12:41:56.873Z,31.003,65.393,435,0,1,40,27.402,70.283,0,953.38,0,0,30.66,70.727,449,0,1,46,30.177,69.453,418,0,1,32,31.75,64.623,452,0,1,48,0,0,0,0,0,0,0,0,0,0,0,0,0,0,0,0,0,0,48,60,2235,1,0,0
2026-07-02T12:42:06.938Z,30.981,65.375,412,0,1,29,27.407,70.329,0,953.415,0,0,30.745,70.419,445,0,1,44,30.129,69.452,408,0,1,27,31.766,64.624,423,0,1,34,0,0,0,0,0,0,0,0,0,0,0,0,0,0,0,0,0,0,48,60,2270,1,0,0
2026-07-02T12:42:17.020Z,30.978,65.36,400,0,1,22,27.397,70.415,0,953.4,0,0,30.698,70.302,414,0,1,30,30.175,69.708,417,0,1,31,31.821,64.618,448,0,1,46,0,0,0,0,0,0,0,0,0,0,0,0,0,0,0,0,0,0,48,60,2246,1,0,0
2026-07-02T12:42:27.086Z,30.909,65.378,409,0,1,28,27.397,70.277,0,953.483,0,0,30.677,70.291,428,0,1,36,30.223,69.544,408,0,1,27,31.823,64.526,451,0,1,47,0,0,0,0,0,0,0,0,0,0,0,0,0,0,0,0,0,0,48,60,2242,1,0,0
2026-07-02T12:42:37.168Z,30.901,65.452,410,0,1,28,27.397,70.357,0,953.428,0,0,30.683,70.269,403,0,1,25,30.238,69.526,405,0,1,26,31.837,64.582,429,0,1,37,0,0,0,0,0,0,0,0,0,0,0,0,0,0,0,0,0,0,48,60,2237,1,0,0
2026-07-02T12:42:47.249Z,30.98,65.674,424,0,1,34,27.392,70.322,0,953.448,0,0,30.52,70.799,436,0,1,40,30.274,69.409,405,0,1,26,31.809,64.534,400,0,1,24,0,0,0,0,0,0,0,0,0,0,0,0,0,0,0,0,0,0,48,60,2229,1,0,0
2026-07-02T12:42:57.299Z,31.021,65.791,431,0,1,38,27.397,70.357,0,953.455,0,0,30.488,71.039,444,0,1,44,30.241,69.466,418,0,1,31,31.769,64.552,430,0,1,37,0,0,0,0,0,0,0,0,0,0,0,0,0,0,0,0,0,0,48,60,2224,1,0,0
2026-07-02T12:43:07.364Z,31.001,65.358,411,0,1,29,27.397,70.248,0,953.4,0,0,30.609,70.864,437,0,1,40,30.307,69.093,418,0,1,32,31.835,64.594,436,0,1,40,0,0,0,0,0,0,0,0,0,0,0,0,0,0,0,0,0,0,48,60,2208,1,0,0
2026-07-02T12:43:17.414Z,31.017,65.136,411,0,1,28,27.392,70.172,0,953.448,0,0,30.629,70.576,435,0,1,39,30.313,69.259,432,0,1,38,31.805,64.587,446,0,1,45,0,0,0,0,0,0,0,0,0,0,0,0,0,0,0,0,0,0,48,60,2208,1,0,0
2026-07-02T12:43:27.495Z,31.111,65.423,403,0,1,25,27.392,70.311,0,953.448,0,0,30.414,71.08,425,0,1,35,30.338,69.19,419,0,1,32,31.732,64.546,453,0,1,48,0,0,0,0,0,0,0,0,0,0,0,0,0,0,0,0,0,0,48,60,2228,1,0,0
2026-07-02T12:43:37.561Z,31.117,65.251,428,0,1,36,27.397,70.109,0,953.483,0,0,30.402,71.389,447,0,1,45,30.313,69.162,423,0,1,34,31.644,64.657,442,0,1,43,0,0,0,0,0,0,0,0,0,0,0,0,0,0,0,0,0,0,48,60,2207,1,0,0
2026-07-02T12:43:47.627Z,31.059,65.013,417,0,1,31,27.392,69.918,0,953.503,0,0,30.515,71.081,433,0,1,39,30.257,69.334,410,0,1,28,31.626,64.72,433,0,1,39,0,0,0,0,0,0,0,0,0,0,0,0,0,0,0,0,0,0,48,60,2199,1,0,0
2026-07-02T12:43:57.708Z,31.039,64.87,415,0,1,30,27.392,69.71,0,953.448,0,0,30.524,70.711,445,0,1,44,30.216,69.364,428,0,1,36,31.595,64.707,450,0,1,47,0,0,0,0,0,0,0,0,0,0,0,0,0,0,0,0,0,0,48,60,2198,1,0,0
2026-07-02T12:44:07.774Z,30.979,64.975,411,0,1,29,27.367,69.512,0,953.464,0,0,30.585,70.514,442,0,1,43,30.197,69.386,409,0,1,28,31.588,64.683,412,0,1,29,0,0,0,0,0,0,0,0,0,0,0,0,0,0,0,0,0,0,48,60,2209,1,0,0
2026-07-02T12:44:17.856Z,30.947,64.924,417,0,1,31,27.367,69.621,0,953.409,0,0,30.599,70.339,435,0,1,39,30.17,69.305,417,0,1,31,31.631,64.65,436,0,1,40,0,0,0,0,0,0,0,0,0,0,0,0,0,0,0,0,0,0,48,60,2243,1,0,0
2026-07-02T12:44:27.922Z,30.992,65.163,417,0,1,31,27.372,69.836,0,953.444,0,0,30.691,70.232,444,0,1,44,30.124,69.422,402,0,1,24,31.669,64.629,439,0,1,41,0,0,0,0,0,0,0,0,0,0,0,0,0,0,0,0,0,0,48,60,2176,1,0,0
2026-07-02T12:44:37.987Z,30.95,65.194,413,0,1,30,27.367,69.743,0,953.464,0,0,30.705,70.038,430,0,1,37,30.11,69.6,419,0,1,32,31.685,64.61,429,0,1,37,0,0,0,0,0,0,0,0,0,0,0,0,0,0,0,0,0,0,48,60,2226,1,0,0
2026-07-02T12:44:48.069Z,30.957,65.23,400,0,1,23,27.377,69.778,0,953.48,0,0,30.707,69.969,441,0,1,42,30.125,69.637,413,0,1,30,31.713,64.528,429,0,1,37,0,0,0,0,0,0,0,0,0,0,0,0,0,0,0,0,0,0,48,60,2218,1,0,0
2026-07-02T12:44:58.136Z,30.974,65.489,418,0,1,31,27.382,69.9,0,953.488,0,0,30.707,70.175,446,0,1,45,30.152,69.391,428,0,1,36,31.725,64.454,447,0,1,45,0,0,0,0,0,0,0,0,0,0,0,0,0,0,0,0,0,0,48,60,2223,1,0,0
2026-07-02T12:45:08.201Z,30.987,65.475,400,0,1,24,27.367,69.899,0,953.436,0,0,30.699,70.221,438,0,1,41,30.118,69.577,415,0,1,30,31.685,64.518,440,0,1,42,0,0,0,0,0,0,0,0,0,0,0,0,0,0,0,0,0,0,48,60,2219,1,0,0
2026-07-02T12:45:18.265Z,30.971,65.485,420,0,1,33,27.372,69.94,0,953.528,0,0,30.719,70.217,431,0,1,38,30.17,69.595,400,0,1,20,31.704,64.52,441,0,1,42,0,0,0,0,0,0,0,0,0,0,0,0,0,0,0,0,0,0,48,60,2189,1,0,0
2026-07-02T12:45:28.314Z,30.972,65.549,428,0,1,36,27.372,70.107,0,953.472,0,0,30.721,70.273,450,0,1,47,30.164,69.582,401,0,1,24,31.755,64.56,447,0,1,45,0,0,0,0,0,0,0,0,0,0,0,0,0,0,0,0,0,0,48,60,2231,1,0,0
2026-07-02T12:45:38.329Z,30.992,65.607,416,0,1,31,27.367,70.026,0,953.52,0,0,30.705,70.229,430,0,1,37,30.203,69.546,400,0,1,16,31.762,64.534,455,0,1,49,0,0,0,0,0,0,0,0,0,0,0,0,0,0,0,0,0,0,48,60,2230,1,0,0
2026-07-02T12:45:48.329Z,31.046,65.569,400,0,1,18,27.357,69.892,0,953.504,0,0,30.676,70.43,403,0,1,25,30.19,69.353,414,0,1,30,31.742,64.4,451,0,1,47,0,0,0,0,0,0,0,0,0,0,0,0,0,0,0,0,0,0,48,60,2222,1,0,0
2026-07-02T12:45:58.329Z,31.115,65.371,400,0,1,15,27.372,69.87,0,953.472,0,0,30.453,70.687,448,0,1,46,30.257,69.334,409,0,1,28,31.57,64.526,437,0,1,40,0,0,0,0,0,0,0,0,0,0,0,0,0,0,0,0,0,0,48,60,2187,1,0,0
2026-07-02T12:46:08.329Z,31.149,65.237,400,0,1,18,27.367,69.928,0,953.52,0,0,30.381,70.999,441,0,1,42,30.307,69.134,408,0,1,27,31.584,64.635,412,0,1,29,0,0,0,0,0,0,0,0,0,0,0,0,0,0,0,0,0,0,48,60,2239,1,0,0
2026-07-02T12:46:18.329Z,31.132,64.985,417,0,1,31,27.367,69.91,0,953.464,0,0,30.532,70.889,418,0,1,32,30.375,68.745,414,0,1,30,31.613,64.728,435,0,1,40,0,0,0,0,0,0,0,0,0,0,0,0,0,0,0,0,0,0,48,60,2210,1,0,0
2026-07-02T12:46:28.329Z,31.077,64.793,412,0,1,29,27.362,69.69,0,953.512,0,0,30.558,70.488,441,0,1,42,30.336,68.907,413,0,1,30,31.623,64.67,428,0,1,36,0,0,0,0,0,0,0,0,0,0,0,0,0,0,0,0,0,0,48,60,2170,1,0,0
2026-07-02T12:46:38.330Z,31.021,64.81,404,0,1,26,27.357,69.569,0,953.504,0,0,30.527,70.493,435,0,1,39,30.302,68.89,403,0,1,25,31.642,64.628,452,0,1,48,0,0,0,0,0,0,0,0,0,0,0,0,0,0,0,0,0,0,48,60,2182,1,0,0
2026-07-02T12:46:48.329Z,30.996,64.791,432,0,1,38,27.352,69.638,0,953.524,0,0,30.564,70.228,426,0,1,36,30.282,68.943,431,0,1,38,31.647,64.531,445,0,1,44,0,0,0,0,0,0,0,0,0,0,0,0,0,0,0,0,0,0,48,60,2249,1,0,0
2026-07-02T12:46:58.330Z,30.992,64.789,400,0,1,24,27.347,69.441,0,953.544,0,0,30.6,70.062,416,0,1,31,30.231,68.93,400,0,1,22,31.651,64.5,403,0,1,25,0,0,0,0,0,0,0,0,0,0,0,0,0,0,0,0,0,0,48,60,2201,1,0,0
2026-07-02T12:47:08.330Z,30.982,64.981,400,0,1,23,27.332,69.446,0,953.549,0,0,30.623,70.037,420,0,1,33,30.232,69.114,402,0,1,25,31.595,64.442,438,0,1,41,0,0,0,0,0,0,0,0,0,0,0,0,0,0,0,0,0,0,48,60,2190,1,0,0
2026-07-02T12:47:18.331Z,30.915,65.132,405,0,1,26,27.342,69.539,0,953.453,0,0,30.657,70.054,425,0,1,35,30.193,69.149,413,0,1,29,31.633,64.525,420,0,1,33,0,0,0,0,0,0,0,0,0,0,0,0,0,0,0,0,0,0,48,60,2201,1,0,0
2026-07-02T12:47:28.330Z,30.915,65.27,420,0,1,33,27.352,69.673,0,953.608,0,0,30.662,70.098,433,0,1,39,30.183,69.392,423,0,1,34,31.668,64.564,449,0,1,46,0,0,0,0,0,0,0,0,0,0,0,0,0,0,0,0,0,0,48,60,2179,1,0,0
2026-07-02T12:47:38.365Z,30.966,65.393,419,0,1,32,27.357,69.777,0,953.56,0,0,30.655,70.139,449,0,1,46,30.149,69.537,430,0,1,37,31.654,64.507,458,0,1,50,0,0,0,0,0,0,0,0,0,0,0,0,0,0,0,0,0,0,48,60,2257,1,0,0
2026-07-02T12:47:48.447Z,30.932,65.343,431,0,1,38,27.347,69.678,0,953.544,0,0,30.688,70.228,414,0,1,30,30.087,69.716,422,0,1,34,31.686,64.447,419,0,1,32,0,0,0,0,0,0,0,0,0,0,0,0,0,0,0,0,0,0,48,60,2240,1,0,0
2026-07-02T12:47:58.448Z,30.918,65.398,415,0,1,30,27.342,69.689,0,953.592,0,0,30.677,70.134,415,0,1,30,30.029,69.809,413,0,1,29,31.676,64.443,445,0,1,44,0,0,0,0,0,0,0,0,0,0,0,0,0,0,0,0,0,0,48,60,2203,1,0,0
2026-07-02T12:48:08.550Z,30.914,65.306,402,0,1,25,27.337,69.718,0,953.529,0,0,30.74,70.03,434,0,1,39,30.018,70.046,421,0,1,33,31.649,64.381,441,0,1,42,0,0,0,0,0,0,0,0,0,0,0,0,0,0,0,0,0,0,48,60,2238,1,0,0
2026-07-02T12:48:18.612Z,30.89,65.233,402,0,1,24,27.342,69.66,0,953.592,0,0,30.691,69.964,433,0,1,38,29.988,70.028,413,0,1,29,31.623,64.417,444,0,1,44,0,0,0,0,0,0,0,0,0,0,0,0,0,0,0,0,0,0,48,60,2192,1,0,0
2026-07-02T12:48:28.745Z,30.892,65.357,408,0,1,27,27.332,69.642,0,953.577,0,0,30.631,70.089,425,0,1,35,30.003,70.779,633,0,2,155,31.624,64.404,420,0,1,33,0,0,0,0,0,0,0,0,0,0,0,0,0,0,0,0,0,0,48,60,2230,1,0,0
2026-07-02T12:48:38.747Z,30.875,65.443,412,0,1,29,27.337,69.596,0,953.64,0,0,30.633,70.084,421,0,1,33,30.06,70.45,443,0,1,43,31.66,64.313,431,0,1,38,0,0,0,0,0,0,0,0,0,0,0,0,0,0,0,0,0,0,48,60,2129,1,0,0
2026-07-02T12:48:48.746Z,30.825,65.471,403,0,1,25,27.327,69.891,0,953.625,0,0,30.545,70.061,440,0,1,42,29.939,70.517,470,0,1,56,31.468,64.609,429,0,1,37,0,0,0,0,0,0,0,0,0,0,0,0,0,0,0,0,0,0,48,60,2098,1,0,0
2026-07-02T12:48:58.747Z,30.851,65.736,430,0,1,37,27.337,70.088,0,953.585,0,0,30.482,70.432,449,0,1,46,30.022,70.723,469,0,1,56,31.443,65.11,478,0,1,61,0,0,0,0,0,0,0,0,0,0,0,0,0,0,0,0,0,0,48,60,2055,1,0,0
2026-07-02T12:49:08.747Z,30.893,65.96,402,0,1,25,27.332,70.602,0,953.605,0,0,30.445,71.048,456,0,1,50,30.149,71.115,499,0,2,71,31.42,65.47,442,0,1,43,0,0,0,0,0,0,0,0,0,0,0,0,0,0,0,0,0,0,48,60,2098,1,0,0
2026-07-02T12:49:18.747Z,30.856,65.735,412,0,1,29,27.342,70.233,0,953.592,0,0,30.408,71.004,448,0,1,46,30.225,71.645,636,0,2,156,31.514,65.346,428,0,1,36,0,0,0,0,0,0,0,0,0,0,0,0,0,0,0,0,0,0,48,60,2100,1,0,0
2026-07-02T12:49:28.748Z,30.921,65.714,435,0,1,39,27.322,70.162,0,953.617,0,0,30.496,70.905,444,0,1,44,30.31,71.884,578,0,2,117,31.535,65.763,592,0,2,126,0,0,0,0,0,0,0,0,0,0,0,0,0,0,0,0,0,0,48,60,2103,1,0,0
2026-07-02T12:49:38.748Z,30.861,65.667,400,0,1,23,27.332,69.96,0,953.633,0,0,30.563,70.776,437,0,1,40,30.367,71.715,488,0,2,66,31.605,65.513,467,0,1,55,0,0,0,0,0,0,0,0,0,0,0,0,0,0,0,0,0,0,48,60,2089,1,0,0
2026-07-02T12:49:48.749Z,30.833,65.751,421,0,1,33,27.332,70.024,0,953.577,0,0,30.553,70.78,428,0,1,36,30.413,71.34,512,0,2,78,31.658,65.235,450,0,1,47,0,0,0,0,0,0,0,0,0,0,0,0,0,0,0,0,0,0,48,60,2097,1,0,0
2026-07-02T12:49:58.748Z,30.848,66.006,408,0,1,27,27.327,70.208,0,953.625,0,0,30.592,70.853,441,0,1,42,30.43,71.934,598,0,2,131,31.701,64.935,428,0,1,36,0,0,0,0,0,0,0,0,0,0,0,0,0,0,0,0,0,0,48,60,2058,1,0,0
2026-07-02T12:50:08.749Z,30.854,66.229,441,0,1,42,27.332,70.428,0,953.633,0,0,30.648,70.916,448,0,1,46,30.406,71.944,560,0,2,107,31.776,64.836,435,0,1,40,0,0,0,0,0,0,0,0,0,0,0,0,0,0,0,0,0,0,48,60,2089,1,0,0
2026-07-02T12:50:18.750Z,30.87,66.245,439,0,1,42,27.342,70.556,0,953.62,0,0,30.662,70.857,458,0,1,51,30.358,71.679,484,0,1,63,31.841,64.751,443,0,1,43,0,0,0,0,0,0,0,0,0,0,0,0,0,0,0,0,0,0,48,60,2098,1,0,0
2026-07-02T12:50:28.749Z,30.87,66.064,415,0,1,31,27.337,70.452,0,953.612,0,0,30.673,70.722,458,0,1,51,30.287,71.599,523,0,2,85,31.861,64.498,444,0,1,44,0,0,0,0,0,0,0,0,0,0,0,0,0,0,0,0,0,0,48,60,2101,1,0,0
2026-07-02T12:50:38.750Z,30.93,65.966,418,0,1,32,27.332,70.469,0,953.66,0,0,30.707,70.619,431,0,1,38,30.28,71.536,494,0,2,69,31.901,64.381,448,0,1,46,0,0,0,0,0,0,0,0,0,0,0,0,0,0,0,0,0,0,48,60,2062,1,0,0
2026-07-02T12:50:48.750Z,30.997,65.948,414,0,1,30,27.337,70.458,0,953.64,0,0,30.724,70.466,427,0,1,36,30.316,71.481,479,0,1,61,31.914,64.323,449,0,1,46,0,0,0,0,0,0,0,0,0,0,0,0,0,0,0,0,0,0,48,60,2074,1,0,0
2026-07-02T12:50:58.750Z,31.01,65.868,439,0,1,41,27.337,70.365,0,953.612,0,0,30.798,70.449,442,0,1,43,30.351,71.141,464,0,1,54,31.9,64.195,449,0,1,46,0,0,0,0,0,0,0,0,0,0,0,0,0,0,0,0,0,0,48,60,2099,1,0,0
2026-07-02T12:51:08.750Z,31.041,65.846,409,0,1,28,27.337,70.475,0,953.585,0,0,30.813,70.528,433,0,1,39,30.394,70.238,438,0,1,41,31.891,64.337,466,0,1,55,0,0,0,0,0,0,0,0,0,0,0,0,0,0,0,0,0,0,48,60,2047,1,0,0
2026-07-02T12:51:18.750Z,31.079,65.775,445,0,1,44,27.332,70.608,0,953.633,0,0,30.853,70.457,450,0,1,47,30.444,69.668,404,0,1,25,31.877,64.461,460,0,1,52,0,0,0,0,0,0,0,0,0,0,0,0,0,0,0,0,0,0,48,60,2122,1,0,0
2026-07-02T12:51:28.752Z,31.114,65.698,407,0,1,27,27.337,70.625,0,953.668,0,0,30.891,70.463,437,0,1,40,30.454,69.465,440,0,1,42,31.875,64.56,445,0,1,44,0,0,0,0,0,0,0,0,0,0,0,0,0,0,0,0,0,0,48,60,2093,1,0,0
2026-07-02T12:51:38.751Z,31.142,65.743,428,0,1,36,27.337,70.7,0,953.64,0,0,30.928,70.449,464,0,1,53,30.475,69.346,436,0,1,40,31.86,64.676,474,0,1,58,0,0,0,0,0,0,0,0,0,0,0,0,0,0,0,0,0,0,48,60,2102,1,0,0
2026-07-02T12:51:48.751Z,31.146,65.599,435,0,1,39,27.342,70.805,0,953.592,0,0,30.947,70.241,457,0,1,50,30.478,69.23,448,0,1,46,31.845,64.704,471,0,1,57,0,0,0,0,0,0,0,0,0,0,0,0,0,0,0,0,0,0,48,60,2103,1,0,0
2026-07-02T12:51:58.751Z,31.141,65.4,440,0,1,42,27.332,70.752,0,953.633,0,0,30.972,70.041,473,0,1,58,30.503,69.202,427,0,1,36,31.879,64.706,472,0,1,57,0,0,0,0,0,0,0,0,0,0,0,0,0,0,0,0,0,0,48,60,2086,1,0,0
2026-07-02T12:52:08.868Z,31.145,65.336,431,0,1,38,27.347,70.713,0,953.684,0,0,30.992,69.804,451,0,1,47,30.548,69.444,448,0,1,46,31.853,64.667,485,0,1,64,0,0,0,0,0,0,0,0,0,0,0,0,0,0,0,0,0,0,48,60,2101,1,0,0
2026-07-02T12:52:18.868Z,31.172,65.339,444,0,1,44,27.347,70.678,0,953.656,0,0,30.988,69.785,465,0,1,54,30.588,69.367,446,0,1,45,31.818,64.79,461,0,1,52,0,0,0,0,0,0,0,0,0,0,0,0,0,0,0,0,0,0,48,60,2114,1,0,0
2026-07-02T12:52:28.869Z,31.161,65.223,429,0,1,37,27.342,70.678,0,953.676,0,0,30.995,69.813,445,0,1,44,30.615,68.969,447,0,1,45,31.85,64.697,469,0,1,56,0,0,0,0,0,0,0,0,0,0,0,0,0,0,0,0,0,0,48,60,2100,1,0,0
2026-07-02T12:52:38.868Z,31.172,65.224,451,0,1,47,27.342,70.602,0,953.62,0,0,30.974,69.726,479,0,1,61,30.616,68.84,433,0,1,39,31.879,64.593,481,0,1,62,0,0,0,0,0,0,0,0,0,0,0,0,0,0,0,0,0,0,48,60,2095,1,0,0
2026-07-02T12:52:48.869Z,31.162,65.263,457,0,1,50,27.342,70.579,0,953.704,0,0,31.005,69.821,485,0,1,64,30.682,69.217,452,0,1,48,31.907,64.477,502,0,2,73,0,0,0,0,0,0,0,0,0,0,0,0,0,0,0,0,0,0,48,60,2107,1,0,0
2026-07-02T12:52:58.869Z,31.166,65.229,471,0,1,57,27.347,70.614,0,953.656,0,0,30.991,69.844,480,0,1,62,30.728,69.28,437,0,1,40,31.94,64.426,479,0,1,61,0,0,0,0,0,0,0,0,0,0,0,0,0,0,0,0,0,0,48,60,2101,1,0,0
2026-07-02T12:53:08.869Z,31.212,65.228,419,0,1,32,27.357,70.638,0,953.727,0,0,31.042,69.834,490,0,2,67,30.672,69.003,455,0,1,49,31.957,64.386,474,0,1,59,0,0,0,0,0,0,0,0,0,0,0,0,0,0,0,0,0,0,48,60,2109,1,0,0
2026-07-02T12:53:18.869Z,31.255,65.233,440,0,1,42,27.347,70.707,0,953.656,0,0,31.031,69.771,460,0,1,52,30.664,68.593,443,0,1,43,31.925,64.324,492,0,2,68,0,0,0,0,0,0,0,0,0,0,0,0,0,0,0,0,0,0,48,60,2089,1,0,0
2026-07-02T12:53:28.870Z,31.311,65.275,431,0,1,38,27.352,70.834,0,953.664,0,0,31.071,69.793,479,0,1,61,30.635,68.487,440,0,1,42,31.934,64.325,487,0,2,65,0,0,0,0,0,0,0,0,0,0,0,0,0,0,0,0,0,0,48,60,2097,1,0,0
2026-07-02T12:53:38.870Z,31.32,65.216,439,0,1,41,27.347,70.805,0,953.712,0,0,31.109,69.764,451,0,1,47,30.662,68.547,439,0,1,41,31.967,64.35,489,0,2,66,0,0,0,0,0,0,0,0,0,0,0,0,0,0,0,0,0,0,48,60,2102,1,0,0
2026-07-02T12:53:48.870Z,31.32,65.216,439,0,1,41,27.347,70.805,0,953.712,0,0,31.109,69.764,451,0,1,47,30.662,68.547,439,0,1,41,31.967,64.35,489,0,2,66,0,0,0,0,0,0,0,0,0,0,0,0,0,0,0,0,0,0,48,60,2102,1,0,0
2026-07-02T12:53:58.870Z,31.296,65.396,423,0,1,34,27.342,70.857,0,953.787,0,0,31.101,69.88,465,0,1,54,30.716,69.215,445,0,1,44,31.97,64.382,504,0,2,74,0,0,0,0,0,0,0,0,0,0,0,0,0,0,0,0,0,0,48,60,2103,1,0,0
2026-07-02T12:54:08.870Z,31.322,65.38,433,0,1,38,27.347,70.782,0,953.795,0,0,31.117,69.906,478,0,1,61,30.733,69.103,425,0,1,35,31.92,64.425,478,0,1,61,0,0,0,0,0,0,0,0,0,0,0,0,0,0,0,0,0,0,48,60,2096,1,0,0
2026-07-02T12:54:18.871Z,31.31,65.383,444,0,1,44,27.352,70.857,0,953.719,0,0,31.143,69.858,481,0,1,62,30.763,68.962,463,0,1,53,31.918,64.541,513,0,2,79,0,0,0,0,0,0,0,0,0,0,0,0,0,0,0,0,0,0,48,60,2097,1,0,0
2026-07-02T12:54:28.870Z,31.323,65.347,456,0,1,50,27.347,70.886,0,953.712,0,0,31.156,69.779,463,0,1,53,30.774,69.193,454,0,1,48,31.887,64.632,488,0,2,66,0,0,0,0,0,0,0,0,0,0,0,0,0,0,0,0,0,0,48,60,2103,1,0,0
2026-07-02T12:54:38.870Z,31.345,65.294,444,0,1,44,27.347,70.944,0,953.74,0,0,31.162,69.706,482,0,1,63,30.811,69.29,437,0,1,40,31.891,64.593,498,0,2,71,0,0,0,0,0,0,0,0,0,0,0,0,0,0,0,0,0,0,48,60,2102,1,0,0
2026-07-02T12:54:48.870Z,31.311,65.267,477,0,1,60,27.357,70.967,0,953.755,0,0,31.204,69.637,493,0,2,68,30.808,69.237,442,0,1,43,31.856,64.658,509,0,2,77,0,0,0,0,0,0,0,0,0,0,0,0,0,0,0,0,0,0,48,60,2101,1,0,0
2026-07-02T12:54:58.871Z,31.304,65.185,474,0,1,58,27.352,70.967,0,953.692,0,0,31.17,69.517,498,0,2,71,30.822,69.23,446,0,1,45,31.88,64.725,488,0,2,66,0,0,0,0,0,0,0,0,0,0,0,0,0,0,0,0,0,0,48,60,2095,1,0,0
2026-07-02T12:55:08.871Z,31.286,65.251,469,0,1,56,27.357,70.95,0,953.755,0,0,31.164,69.548,491,0,2,67,30.842,69.183,435,0,1,40,31.869,64.66,507,0,2,76,0,0,0,0,0,0,0,0,0,0,0,0,0,0,0,0,0,0,48,60,2091,1,0,0
2026-07-02T12:55:18.871Z,31.319,65.378,458,0,1,51,27.352,70.973,0,953.775,0,0,31.172,69.597,498,0,2,71,30.847,68.85,448,0,1,46,31.891,64.704,508,0,2,77,0,0,0,0,0,0,0,0,0,0,0,0,0,0,0,0,0,0,48,60,2102,1,0,0
2026-07-02T12:55:28.910Z,31.353,65.373,455,0,1,49,27.357,70.967,0,953.783,0,0,31.162,69.629,503,0,2,74,30.884,68.492,461,0,1,52,31.869,64.686,515,0,2,80,0,0,0,0,0,0,0,0,0,0,0,0,0,0,0,0,0,0,48,60,2102,1,0,0
2026-07-02T12:55:38.910Z,31.37,65.362,460,0,1,52,27.357,71.002,0,953.811,0,0,31.174,69.625,505,0,2,75,30.861,68.06,474,0,1,59,31.881,64.759,502,0,2,73,0,0,0,0,0,0,0,0,0,0,0,0,0,0,0,0,0,0,48,60,2110,1,0,0
2026-07-02T12:55:48.911Z,31.386,65.347,455,0,1,49,27.357,70.979,0,953.783,0,0,31.211,69.656,512,0,2,79,30.852,68.596,458,0,1,51,31.905,64.709,500,0,2,72,0,0,0,0,0,0,0,0,0,0,0,0,0,0,0,0,0,0,48,60,2151,1,0,0
2026-07-02T12:55:58.910Z,31.426,65.349,456,0,1,50,27.352,70.99,0,953.775,0,0,31.222,69.677,493,0,2,68,30.838,68.724,452,0,1,48,31.916,64.702,521,0,2,83,0,0,0,0,0,0,0,0,0,0,0,0,0,0,0,0,0,0,48,60,2071,1,0,0
2026-07-02T12:56:08.910Z,31.42,65.327,481,0,1,62,27.352,70.973,0,953.831,0,0,31.242,69.667,514,0,2,80,30.804,68.962,458,0,1,51,31.921,64.678,506,0,2,75,0,0,0,0,0,0,0,0,0,0,0,0,0,0,0,0,0,0,48,60,2114,1,0,0
2026-07-02T12:56:18.911Z,31.382,65.367,464,0,1,54,27.352,71.065,0,953.747,0,0,31.207,69.79,486,0,2,65,30.719,69.158,477,0,1,60,31.95,64.669,525,0,2,86,0,0,0,0,0,0,0,0,0,0,0,0,0,0,0,0,0,0,48,60,2103,1,0,0
2026-07-02T12:56:28.912Z,31.335,65.47,464,0,1,53,27.357,71.037,0,953.727,0,0,31.164,69.872,509,0,2,77,30.719,69.325,489,0,2,66,31.976,64.627,532,0,2,90,0,0,0,0,0,0,0,0,0,0,0,0,0,0,0,0,0,0,48,60,2099,1,0,0
2026-07-02T12:56:38.913Z,31.345,65.524,607,0,2,137,27.362,71.141,0,953.763,0,0,31.179,69.879,600,0,2,132,30.707,68.783,517,0,2,81,31.997,64.592,544,0,2,97,0,0,0,0,0,0,0,0,0,0,0,0,0,0,0,0,0,0,48,60,2097,1,0,0
2026-07-02T12:56:48.913Z,31.268,65.599,617,0,2,144,27.347,71.117,0,953.823,0,0,31.067,70.008,702,0,2,207,30.631,68.674,639,0,2,159,32.054,64.516,667,0,2,179,0,0,0,0,0,0,0,0,0,0,0,0,0,0,0,0,0,0,48,60,2113,1,0,0
2026-07-02T12:56:58.912Z,31.256,65.882,657,0,2,172,27.342,71.29,0,953.76,0,0,30.998,70.494,630,0,2,152,30.624,69.553,519,0,2,83,32.029,64.52,636,0,2,157,0,0,0,0,0,0,0,0,0,0,0,0,0,0,0,0,0,0,48,60,2097,1,0,0
2026-07-02T12:57:08.913Z,31.255,66.218,633,0,2,154,27.347,71.458,0,953.767,0,0,30.972,70.825,683,0,2,192,30.62,69.734,549,0,2,100,31.976,64.631,687,0,2,195,0,0,0,0,0,0,0,0,0,0,0,0,0,0,0,0,0,0,48,60,2101,1,0,0
2026-07-02T12:57:18.913Z,31.305,66.465,635,0,2,156,27.352,71.689,0,953.803,0,0,30.957,71.09,678,0,2,188,30.564,70.076,633,0,2,154,31.978,64.885,687,0,2,195,0,0,0,0,0,0,0,0,0,0,0,0,0,0,0,0,0,0,48,60,2094,1,0,0
2026-07-02T12:57:28.914Z,31.324,66.257,596,0,2,129,27.352,71.793,0,953.775,0,0,30.97,71.091,685,0,2,194,30.562,70.255,528,0,2,87,31.93,64.977,677,0,2,187,0,0,0,0,0,0,0,0,0,0,0,0,0,0,0,0,0,0,48,60,2096,1,0,0
2026-07-02T12:57:38.914Z,31.332,65.919,610,0,2,139,27.347,71.937,0,953.823,0,0,31.021,70.921,666,0,2,179,30.562,70.406,533,0,2,90,31.907,65.018,691,0,2,199,0,0,0,0,0,0,0,0,0,0,0,0,0,0,0,0,0,0,48,60,2100,1,0,0
2026-07-02T12:57:48.914Z,31.347,65.652,607,0,2,136,27.352,71.886,0,953.831,0,0,30.992,70.721,673,0,2,184,30.579,70.282,608,0,2,137,31.892,65.078,678,0,2,188,0,0,0,0,0,0,0,0,0,0,0,0,0,0,0,0,0,0,48,60,2096,1,0,0
2026-07-02T12:57:58.914Z,31.362,65.526,612,0,2,140,27.362,71.852,0,953.819,0,0,31.012,70.621,659,0,2,173,30.558,70.288,566,0,2,110,31.919,65.146,688,0,2,196,0,0,0,0,0,0,0,0,0,0,0,0,0,0,0,0,0,0,48,60,2085,1,0,0
2026-07-02T12:58:08.915Z,31.323,65.536,610,0,2,138,27.352,71.788,0,953.803,0,0,31.055,70.637,694,0,2,201,30.536,69.941,467,0,1,55,31.933,65.105,681,0,2,190,0,0,0,0,0,0,0,0,0,0,0,0,0,0,0,0,0,0,48,60,2102,1,0,0
2026-07-02T12:58:18.915Z,31.341,65.635,620,0,2,145,27.347,71.66,0,953.823,0,0,31.018,70.558,676,0,2,186,30.475,69.858,474,0,1,59,31.888,65.09,673,0,2,184,0,0,0,0,0,0,0,0,0,0,0,0,0,0,0,0,0,0,48,60,2106,1,0,0
2026-07-02T12:58:28.915Z,31.326,66.051,574,0,2,115,27.357,71.603,0,953.867,0,0,31.054,70.714,666,0,2,179,30.464,69.965,563,0,2,108,31.91,65.053,650,0,2,167,0,0,0,0,0,0,0,0,0,0,0,0,0,0,0,0,0,0,48,60,2035,1,0,0
2026-07-02T12:58:38.916Z,31.316,66.008,630,0,2,153,27.347,71.464,0,953.712,0,0,31.062,70.716,674,0,2,185,30.422,70.083,596,0,2,129,31.916,65.071,674,0,2,185,0,0,0,0,0,0,0,0,0,0,0,0,0,0,0,0,0,0,48,60,2098,1,0,0
2026-07-02T12:58:48.915Z,31.278,66.126,622,0,2,147,27.352,71.62,0,953.775,0,0,31.06,70.805,729,0,3,230,30.427,70.609,554,0,2,103,31.92,65.092,658,0,2,172,0,0,0,0,0,0,0,0,0,0,0,0,0,0,0,0,0,0,48,60,2093,1,0,0
2026-07-02T12:58:58.916Z,31.261,66.02,602,0,2,133,27.357,71.84,0,953.839,0,0,30.976,70.697,673,0,2,184,30.402,71.299,585,0,2,122,31.943,65.214,700,0,2,205,0,0,0,0,0,0,0,0,0,0,0,0,0,0,0,0,0,0,48,60,2096,1,0,0
2026-07-02T12:59:08.916Z,31.211,65.891,569,0,2,112,27.362,71.632,0,953.819,0,0,30.943,70.69,651,0,2,167,30.424,71.209,524,0,2,85,31.926,65.216,664,0,2,177,0,0,0,0,0,0,0,0,0,0,0,0,0,0,0,0,0,0,48,60,2098,1,0,0
2026-07-02T12:59:18.916Z,31.17,66.046,579,0,2,118,27.352,71.343,0,953.831,0,0,30.929,70.778,647,0,2,164,30.48,71.306,560,0,2,107,31.931,65.187,634,0,2,155,0,0,0,0,0,0,0,0,0,0,0,0,0,0,0,0,0,0,48,60,2095,1,0,0
2026-07-02T12:59:28.932Z,31.185,66.115,579,0,2,118,27.352,71.4,0,953.803,0,0,30.915,70.887,621,0,2,146,30.479,71.051,550,0,2,101,31.909,65.072,628,0,2,151,0,0,0,0,0,0,0,0,0,0,0,0,0,0,0,0,0,0,48,60,2031,1,0,0
2026-07-02T12:59:38.932Z,31.124,66.149,566,0,2,110,27.347,71.285,0,953.823,0,0,30.892,70.849,598,0,2,130,30.477,70.656,560,0,2,107,31.872,65.081,626,0,2,149,0,0,0,0,0,0,0,0,0,0,0,0,0,0,0,0,0,0,48,60,2022,1,0,0
2026-07-02T12:59:48.932Z,31.079,66.205,573,0,2,115,27.342,71.261,0,953.787,0,0,30.892,70.837,608,0,2,137,30.506,70.585,478,0,1,61,31.891,65.026,589,0,2,125,0,0,0,0,0,0,0,0,0,0,0,0,0,0,0,0,0,0,48,60,2106,1,0,0
2026-07-02T12:59:58.932Z,31.057,66.41,543,0,2,96,27.342,71.209,0,953.704,0,0,30.926,70.936,603,0,2,134,30.519,70.657,523,0,2,85,31.884,65.004,577,0,2,117,0,0,0,0,0,0,0,0,0,0,0,0,0,0,0,0,0,0,48,60,2102,1,0,0
2026-07-02T13:00:08.933Z,31.071,66.635,564,0,2,109,27.347,71.302,0,953.74,0,0,30.954,71.025,631,0,2,153,30.454,70.303,481,0,1,62,31.918,64.989,600,0,2,132,0,0,0,0,0,0,0,0,0,0,0,0,0,0,0,0,0,0,48,60,2083,1,0,0
2026-07-02T13:00:18.932Z,31.112,66.467,586,0,2,123,27.342,71.411,0,953.815,0,0,31.006,70.848,652,0,2,168,30.436,70.406,483,0,1,63,31.867,65.016,615,0,2,142,0,0,0,0,0,0,0,0,0,0,0,0,0,0,0,0,0,0,48,60,2046,1,0,0
2026-07-02T13:00:28.934Z,31.178,66.287,559,0,2,106,27.342,71.51,0,953.704,0,0,30.986,70.697,640,0,2,159,30.379,70.275,510,0,2,77,31.892,65.064,636,0,2,156,0,0,0,0,0,0,0,0,0,0,0,0,0,0,0,0,0,0,48,60,2103,1,0,0
2026-07-02T13:00:38.934Z,31.174,66.364,571,0,2,113,27.342,71.527,0,953.76,0,0,30.993,70.87,633,0,2,154,30.36,70.277,506,0,2,75,31.886,65.107,634,0,2,156,0,0,0,0,0,0,0,0,0,0,0,0,0,0,0,0,0,0,48,60,2103,1,0,0
2026-07-02T13:00:48.934Z,31.196,66.183,594,0,2,128,27.352,71.574,0,953.831,0,0,31.017,70.928,648,0,2,165,30.315,70.141,564,0,2,109,31.857,65.132,622,0,2,147,0,0,0,0,0,0,0,0,0,0,0,0,0,0,0,0,0,0,48,60,2107,1,0,0
2026-07-02T13:00:58.935Z,31.216,66.183,600,0,2,132,27.357,71.603,0,953.783,0,0,31.04,70.818,645,0,2,163,30.333,70.151,543,0,2,96,31.861,65.165,632,0,2,154,0,0,0,0,0,0,0,0,0,0,0,0,0,0,0,0,0,0,48,60,2098,1,0,0
2026-07-02T13:01:08.934Z,31.207,66.146,585,0,2,122,27.347,71.741,0,953.823,0,0,31.07,70.723,636,0,2,157,30.367,70.974,551,0,2,101,31.865,65.226,642,0,2,161,0,0,0,0,0,0,0,0,0,0,0,0,0,0,0,0,0,0,48,60,2119,1,0,0
2026-07-02T13:01:18.936Z,31.21,66.203,579,0,2,118,27.352,71.73,0,953.859,0,0,31.082,70.756,636,0,2,157,30.4,71.976,585,0,2,122,31.855,65.241,627,0,2,150,0,0,0,0,0,0,0,0,0,0,0,0,0,0,0,0,0,0,48,60,2111,1,0,0
2026-07-02T13:01:28.935Z,31.203,66.229,581,0,2,119,27.342,71.752,0,953.843,0,0,31.086,70.856,605,0,2,135,30.369,71.423,535,0,2,92,31.834,65.262,629,0,2,152,0,0,0,0,0,0,0,0,0,0,0,0,0,0,0,0,0,0,48,60,2099,1,0,0
2026-07-02T13:01:38.935Z,31.22,66.592,547,0,2,98,27.342,71.741,0,953.787,0,0,31.045,70.993,610,0,2,138,30.361,70.977,552,0,2,102,31.858,65.312,630,0,2,152,0,0,0,0,0,0,0,0,0,0,0,0,0,0,0,0,0,0,48,60,2151,1,0,0
2026-07-02T13:01:48.936Z,31.203,66.76,586,0,2,123,27.342,71.804,0,953.787,0,0,31.061,71.199,636,0,2,157,30.342,70.541,570,0,2,113,31.856,65.424,631,0,2,153,0,0,0,0,0,0,0,0,0,0,0,0,0,0,0,0,0,0,48,60,2097,1,0,0
2026-07-02T13:01:58.936Z,31.224,66.921,601,0,2,132,27.347,71.926,0,953.851,0,0,30.991,71.369,643,0,2,162,30.39,71.002,574,0,2,115,31.864,65.494,637,0,2,157,0,0,0,0,0,0,0,0,0,0,0,0,0,0,0,0,0,0,48,60,2097,1,0,0
2026-07-02T13:02:08.936Z,31.22,66.918,558,0,2,105,27.357,72.031,0,953.783,0,0,30.976,71.591,660,0,2,174,30.374,71.772,570,0,2,113,31.82,65.48,642,0,2,161,0,0,0,0,0,0,0,0,0,0,0,0,0,0,0,0,0,0,48,60,2096,1,0,0
2026-07-02T13:02:18.936Z,31.232,66.569,588,0,2,124,27.357,72.013,0,953.811,0,0,30.958,71.503,666,0,2,179,30.376,71.653,561,0,2,107,31.841,65.499,644,0,2,163,0,0,0,0,0,0,0,0,0,0,0,0,0,0,0,0,0,0,48,60,2089,1,0,0
2026-07-02T13:02:28.936Z,31.219,66.204,530,0,2,89,27.347,71.92,0,953.795,0,0,30.862,71.146,627,0,2,151,30.422,71.503,574,0,2,115,31.855,65.463,635,0,2,156,0,0,0,0,0,0,0,0,0,0,0,0,0,0,0,0,0,0,48,60,2113,1,0,0
2026-07-02T13:02:38.937Z,31.17,65.969,568,0,2,112,27.342,71.475,0,953.815,0,0,30.89,71.111,655,0,2,170,30.424,71.086,597,0,2,130,31.866,65.39,644,0,2,162,0,0,0,0,0,0,0,0,0,0,0,0,0,0,0,0,0,0,48,60,2096,1,0,0
2026-07-02T13:02:48.937Z,31.134,65.953,586,0,2,123,27.347,71.389,0,953.823,0,0,30.866,70.95,656,0,2,171,30.429,71.399,616,0,2,143,31.859,65.346,659,0,2,174,0,0,0,0,0,0,0,0,0,0,0,0,0,0,0,0,0,0,48,60,2083,1,0,0
2026-07-02T13:02:58.937Z,31.104,66.303,612,0,2,140,27.342,71.354,0,953.815,0,0,30.912,71.108,687,0,2,195,30.385,70.885,545,0,2,97,31.857,65.324,652,0,2,168,0,0,0,0,0,0,0,0,0,0,0,0,0,0,0,0,0,0,48,60,2101,1,0,0
2026-07-02T13:03:08.938Z,31.09,66.276,618,0,2,144,27.352,71.47,0,953.831,0,0,30.896,71.049,671,0,2,183,30.376,70.497,549,0,2,100,31.873,65.353,643,0,2,162,0,0,0,0,0,0,0,0,0,0,0,0,0,0,0,0,0,0,48,60,2101,1,0,0
2026-07-02T13:03:18.938Z,31.037,66.319,599,0,2,131,27.342,71.417,0,953.927,0,0,30.891,71.016,683,0,2,192,30.374,70.414,531,0,2,89,31.85,65.337,673,0,2,184,0,0,0,0,0,0,0,0,0,0,0,0,0,0,0,0,0,0,48,60,2099,1,0,0
2026-07-02T13:03:28.951Z,31.004,66.359,592,0,2,127,27.352,71.343,0,953.887,0,0,30.842,70.966,622,0,2,147,30.398,70.713,546,0,2,98,31.867,65.35,676,0,2,186,0,0,0,0,0,0,0,0,0,0,0,0,0,0,0,0,0,0,48,60,2108,1,0,0
2026-07-02T13:03:38.939Z,31.008,66.395,630,0,2,152,27.352,71.366,0,953.887,0,0,30.882,70.952,698,0,2,204,30.401,70.611,517,0,2,82,31.879,65.315,670,0,2,182,0,0,0,0,0,0,0,0,0,0,0,0,0,0,0,0,0,0,48,60,2104,1,0,0
2026-07-02T13:03:49.216Z,31.01,66.568,608,0,2,137,27.352,71.424,0,953.831,0,0,30.854,71.05,666,0,2,179,30.452,70.735,570,0,2,112,31.857,65.243,715,0,2,218,0,0,0,0,0,0,0,0,0,0,0,0,0,0,0,0,0,0,48,60,2106,1,0,0
2026-07-02T13:03:59.250Z,31.0,66.613,611,0,2,139,27.342,71.452,0,953.843,0,0,30.885,71.172,705,0,2,210,30.626,70.761,578,0,2,118,31.862,65.261,684,0,2,193,0,0,0,0,0,0,0,0,0,0,0,0,0,0,0,0,0,0,48,60,2096,1,0,0
2026-07-02T13:04:09.298Z,30.995,66.618,588,0,2,124,27.352,71.51,0,953.915,0,0,30.878,71.126,697,0,2,203,30.667,70.521,612,0,2,140,31.852,65.251,687,0,2,195,0,0,0,0,0,0,0,0,0,0,0,0,0,0,0,0,0,0,48,60,2105,1,0,0
2026-07-02T13:04:19.380Z,30.978,66.46,600,0,2,132,27.357,71.626,0,953.894,0,0,30.882,70.88,644,0,2,162,30.706,70.317,586,0,2,123,31.87,65.321,698,0,2,204,0,0,0,0,0,0,0,0,0,0,0,0,0,0,0,0,0,0,48,60,2096,1,0,0
2026-07-02T13:04:29.429Z,31.005,66.305,568,0,2,111,27.347,71.585,0,953.879,0,0,30.9,70.8,639,0,2,159,30.632,70.372,591,0,2,126,31.847,65.363,679,0,2,189,0,0,0,0,0,0,0,0,0,0,0,0,0,0,0,0,0,0,48,60,2099,1,0,0
2026-07-02T13:04:39.511Z,30.986,66.288,573,0,2,114,27.347,71.464,0,953.907,0,0,30.881,70.739,636,0,2,157,30.604,70.328,575,0,2,116,31.881,65.331,639,0,2,159,0,0,0,0,0,0,0,0,0,0,0,0,0,0,0,0,0,0,48,60,2096,1,0,0
2026-07-02T13:04:49.575Z,30.992,66.275,537,0,2,93,27.352,71.458,0,953.942,0,0,30.89,70.811,648,0,2,165,30.59,70.419,576,0,2,116,31.863,65.329,639,0,2,159,0,0,0,0,0,0,0,0,0,0,0,0,0,0,0,0,0,0,48,60,2109,1,0,0
2026-07-02T13:04:59.608Z,30.964,66.592,585,0,2,122,27.357,71.493,0,953.894,0,0,30.899,70.927,635,0,2,156,30.634,70.418,577,0,2,117,31.863,65.262,655,0,2,171,0,0,0,0,0,0,0,0,0,0,0,0,0,0,0,0,0,0,48,60,2096,1,0,0
2026-07-02T13:05:09.676Z,30.994,66.818,595,0,2,128,27.342,71.55,0,953.927,0,0,30.926,70.986,671,0,2,182,30.646,69.982,598,0,2,131,31.834,65.27,661,0,2,175,0,0,0,0,0,0,0,0,0,0,0,0,0,0,0,0,0,0,48,60,2102,1,0,0
2026-07-02T13:05:19.724Z,31.016,66.753,588,0,2,124,27.342,71.614,0,953.927,0,0,30.938,71.025,684,0,2,193,30.604,69.079,550,0,2,101,31.862,65.282,659,0,2,173,0,0,0,0,0,0,0,0,0,0,0,0,0,0,0,0,0,0,48,60,2084,1,0,0
2026-07-02T13:05:29.789Z,31.049,66.53,558,0,2,105,27.352,71.608,0,953.887,0,0,30.977,70.869,629,0,2,152,30.571,69.487,565,0,2,110,31.893,65.31,657,0,2,172,0,0,0,0,0,0,0,0,0,0,0,0,0,0,0,0,0,0,48,60,2112,1,0,0
2026-07-02T13:05:39.805Z,31.082,66.481,581,0,2,120,27.347,71.631,0,953.935,0,0,30.988,70.867,653,0,2,169,30.506,69.569,586,0,2,123,31.88,65.287,663,0,2,176,0,0,0,0,0,0,0,0,0,0,0,0,0,0,0,0,0,0,48,60,2101,1,0,0
2026-07-02T13:05:49.806Z,31.06,66.45,576,0,2,116,27.352,71.649,0,953.859,0,0,31.016,70.806,643,0,2,161,30.531,69.857,583,0,2,121,31.895,65.264,639,0,2,159,0,0,0,0,0,0,0,0,0,0,0,0,0,0,0,0,0,0,48,60,2102,1,0,0
2026-07-02T13:05:59.807Z,31.063,66.259,589,0,2,124,27.347,71.695,0,953.935,0,0,30.992,70.512,655,0,2,170,30.515,70.106,588,0,2,124,31.876,65.258,642,0,2,161,0,0,0,0,0,0,0,0,0,0,0,0,0,0,0,0,0,0,48,60,2097,1,0,0
2026-07-02T13:06:09.808Z,31.066,66.134,549,0,2,100,27.342,71.648,0,953.927,0,0,31.011,70.543,648,0,2,165,30.538,70.104,587,0,2,123,31.901,65.27,643,0,2,162,0,0,0,0,0,0,0,0,0,0,0,0,0,0,0,0,0,0,48,60,2092,1,0,0
2026-07-02T13:06:20.000Z,31.033,66.309,583,0,2,121,27.352,71.626,0,953.859,0,0,31.026,70.45,675,0,2,186,30.57,70.482,583,0,2,121,31.871,65.166,652,0,2,169,0,0,0,0,0,0,0,0,0,0,0,0,0,0,0,0,0,0,48,60,2095,1,0,0
2026-07-02T13:06:29.999Z,31.033,66.315,573,0,2,114,27.352,71.585,0,953.942,0,0,31.017,70.467,640,0,2,159,30.556,70.342,613,0,2,140,31.853,65.184,649,0,2,166,0,0,0,0,0,0,0,0,0,0,0,0,0,0,0,0,0,0,48,60,2096,1,0,0
2026-07-02T13:06:39.999Z,31.037,66.111,575,0,2,116,27.347,71.631,0,953.879,0,0,31.028,70.246,628,0,2,151,30.528,70.347,565,0,2,109,31.877,65.196,647,0,2,164,0,0,0,0,0,0,0,0,0,0,0,0,0,0,0,0,0,0,48,60,2098,1,0,0
2026-07-02T13:06:49.999Z,31.047,66.28,550,0,2,101,27.352,71.66,0,953.831,0,0,31.028,70.352,644,0,2,163,30.555,70.359,576,0,2,116,31.904,65.195,646,0,2,164,0,0,0,0,0,0,0,0,0,0,0,0,0,0,0,0,0,0,48,60,2093,1,0,0
2026-07-02T13:07:00.000Z,31.103,66.338,563,0,2,108,27.352,71.73,0,953.942,0,0,31.005,70.391,648,0,2,165,30.611,70.017,600,0,2,132,31.888,65.167,653,0,2,169,0,0,0,0,0,0,0,0,0,0,0,0,0,0,0,0,0,0,48,60,2097,1,0,0
2026-07-02T13:07:10.189Z,31.132,66.415,563,0,2,108,27.347,71.805,0,953.823,0,0,31.041,70.398,637,0,2,157,30.621,69.897,622,0,2,147,31.891,65.123,678,0,2,188,0,0,0,0,0,0,0,0,0,0,0,0,0,0,0,0,0,0,48,60,2131,1,0,0
2026-07-02T13:07:20.189Z,31.12,66.211,580,0,2,119,27.352,71.788,0,953.887,0,0,31.045,70.527,633,0,2,155,30.596,69.481,626,0,2,150,31.906,65.119,658,0,2,173,0,0,0,0,0,0,0,0,0,0,0,0,0,0,0,0,0,0,48,60,2128,1,0,0
2026-07-02T13:07:30.189Z,31.126,66.177,558,0,2,105,27.347,71.799,0,953.823,0,0,31.037,70.461,667,0,2,180,30.61,69.917,604,0,2,134,31.894,65.145,656,0,2,172,0,0,0,0,0,0,0,0,0,0,0,0,0,0,0,0,0,0,48,60,2061,1,0,0
2026-07-02T13:07:40.190Z,31.104,66.173,593,0,2,127,27.347,71.729,0,953.879,0,0,31.041,70.446,650,0,2,166,30.658,70.349,611,0,2,139,31.864,65.143,649,0,2,166,0,0,0,0,0,0,0,0,0,0,0,0,0,0,0,0,0,0,48,60,2103,1,0,0
2026-07-02T13:07:50.189Z,31.137,66.25,572,0,2,114,27.352,71.707,0,953.887,0,0,31.045,70.464,652,0,2,169,30.657,70.232,605,0,2,135,31.861,65.155,683,0,2,192,0,0,0,0,0,0,0,0,0,0,0,0,0,0,0,0,0,0,48,60,2096,1,0,0
2026-07-02T13:08:00.190Z,31.151,66.529,615,0,2,142,27.357,71.713,0,953.922,0,0,31.058,70.609,661,0,2,175,30.647,70.519,620,0,2,146,31.854,65.208,681,0,2,190,0,0,0,0,0,0,0,0,0,0,0,0,0,0,0,0,0,0,48,60,2097,1,0,0
2026-07-02T13:08:10.190Z,31.16,66.805,599,0,2,131,27.357,71.771,0,953.922,0,0,31.087,70.915,687,0,2,195,30.645,70.594,594,0,2,128,31.848,65.364,688,0,2,196,0,0,0,0,0,0,0,0,0,0,0,0,0,0,0,0,0,0,48,60,2099,1,0,0
2026-07-02T13:08:20.190Z,31.167,66.55,585,0,2,122,27.352,71.868,0,953.915,0,0,31.062,71.001,691,0,2,198,30.679,70.218,583,0,2,121,31.859,65.513,668,0,2,180,0,0,0,0,0,0,0,0,0,0,0,0,0,0,0,0,0,0,48,60,2096,1,0,0
2026-07-02T13:08:30.191Z,31.126,66.225,588,0,2,124,27.352,71.949,0,953.859,0,0,31.03,70.738,652,0,2,168,30.681,70.076,574,0,2,115,31.836,65.557,665,0,2,178,0,0,0,0,0,0,0,0,0,0,0,0,0,0,0,0,0,0,48,60,2091,1,0,0
2026-07-02T13:08:40.191Z,31.123,66.07,550,0,2,100,27.352,71.955,0,953.859,0,0,31.026,70.517,652,0,2,169,30.716,70.183,591,0,2,126,31.859,65.52,656,0,2,171,0,0,0,0,0,0,0,0,0,0,0,0,0,0,0,0,0,0,48,60,2103,1,0,0
2026-07-02T13:08:50.192Z,31.118,65.987,560,0,2,106,27.352,71.996,0,953.887,0,0,30.999,70.441,655,0,2,170,30.737,70.432,628,0,2,151,31.872,65.477,682,0,2,191,0,0,0,0,0,0,0,0,0,0,0,0,0,0,0,0,0,0,48,60,2098,1,0,0
2026-07-02T13:09:00.191Z,31.1,66.093,587,0,2,123,27.362,71.962,0,953.847,0,0,30.996,70.526,665,0,2,178,30.748,70.976,628,0,2,151,31.909,65.429,655,0,2,171,0,0,0,0,0,0,0,0,0,0,0,0,0,0,0,0,0,0,48,60,2096,1,0,0
2026-07-02T13:09:10.192Z,31.131,66.126,570,0,2,113,27.352,71.909,0,953.915,0,0,30.997,70.694,644,0,2,163,30.806,70.826,613,0,2,141,31.896,65.378,679,0,2,189,0,0,0,0,0,0,0,0,0,0,0,0,0,0,0,0,0,0,48,60,2099,1,0,0
2026-07-02T13:09:20.192Z,31.155,66.353,575,0,2,116,27.352,71.892,0,953.915,0,0,31.04,70.837,661,0,2,175,30.824,70.139,583,0,2,121,31.859,65.421,663,0,2,176,0,0,0,0,0,0,0,0,0,0,0,0,0,0,0,0,0,0,48,60,2107,1,0,0
2026-07-02T13:09:30.193Z,31.178,66.416,604,0,2,135,27.357,71.915,0,953.922,0,0,31.052,70.986,671,0,2,182,30.839,69.835,609,0,2,138,31.89,65.453,662,0,2,176,0,0,0,0,0,0,0,0,0,0,0,0,0,0,0,0,0,0,48,60,2110,1,0,0
2026-07-02T13:09:40.193Z,31.178,66.416,604,0,2,135,27.357,71.915,0,953.922,0,0,31.052,70.986,671,0,2,182,30.839,69.835,609,0,2,138,31.89,65.453,662,0,2,176,0,0,0,0,0,0,0,0,0,0,0,0,0,0,0,0,0,0,48,60,2110,1,0,0
2026-07-02T13:09:50.193Z,31.189,66.497,579,0,2,118,27.352,71.799,0,953.942,0,0,31.025,71.079,698,0,2,204,30.849,69.779,585,0,2,122,31.871,65.471,677,0,2,187,0,0,0,0,0,0,0,0,0,0,0,0,0,0,0,0,0,0,48,60,2047,1,0,0
2026-07-02T13:10:00.193Z,31.173,66.567,601,0,2,133,27.352,71.851,0,953.887,0,0,31.016,71.176,680,0,2,190,30.854,69.753,586,0,2,123,31.866,65.477,689,0,2,197,0,0,0,0,0,0,0,0,0,0,0,0,0,0,0,0,0,0,48,60,2105,1,0,0
2026-07-02T13:10:10.193Z,31.223,66.934,630,0,2,152,27.362,72.002,0,953.93,0,0,31.022,71.335,704,0,2,209,30.869,69.503,653,0,2,169,31.854,65.514,704,0,2,209,0,0,0,0,0,0,0,0,0,0,0,0,0,0,0,0,0,0,48,60,2104,1,0,0
2026-07-02T13:10:20.194Z,31.227,66.617,613,0,2,141,27.362,72.048,0,953.958,0,0,31.046,71.146,699,0,2,205,30.834,69.514,650,0,2,166,31.855,65.608,667,0,2,180,0,0,0,0,0,0,0,0,0,0,0,0,0,0,0,0,0,0,48,60,2095,1,0,0
2026-07-02T13:10:30.194Z,31.239,66.416,619,0,2,145,27.357,72.031,0,953.95,0,0,31.092,71.009,695,0,2,201,30.848,69.649,642,0,2,161,31.845,65.592,689,0,2,196,0,0,0,0,0,0,0,0,0,0,0,0,0,0,0,0,0,0,48,60,2099,1,0,0
2026-07-02T13:10:40.194Z,31.261,66.368,601,0,2,132,27.357,72.065,0,953.978,0,0,31.136,70.803,704,0,2,209,30.836,69.757,644,0,2,163,31.83,65.598,700,0,2,205,0,0,0,0,0,0,0,0,0,0,0,0,0,0,0,0,0,0,48,60,2097,1,0,0
2026-07-02T13:10:50.195Z,31.32,66.271,617,0,2,143,27.357,72.059,0,953.978,0,0,31.113,70.698,679,0,2,189,30.837,69.58,646,0,2,164,31.85,65.635,700,0,2,205,0,0,0,0,0,0,0,0,0,0,0,0,0,0,0,0,0,0,48,60,2103,1,0,0
2026-07-02T13:11:00.194Z,31.321,66.263,617,0,2,143,27.362,72.089,0,953.958,0,0,31.132,70.696,694,0,2,200,30.832,69.66,627,0,2,150,31.864,65.67,703,0,2,208,0,0,0,0,0,0,0,0,0,0,0,0,0,0,0,0,0,0,48,60,2022,1,0,0
2026-07-02T13:11:10.195Z,31.331,66.189,591,0,2,126,27.367,72.06,0,953.966,0,0,31.114,70.642,683,0,2,192,30.831,69.783,624,0,2,148,31.853,65.711,682,0,2,191,0,0,0,0,0,0,0,0,0,0,0,0,0,0,0,0,0,0,48,60,2097,1,0,0
2026-07-02T13:11:20.195Z,31.316,66.078,575,0,2,116,27.352,72.111,0,953.97,0,0,31.118,70.687,682,0,2,191,30.818,69.72,605,0,2,135,31.842,65.756,700,0,2,206,0,0,0,0,0,0,0,0,0,0,0,0,0,0,0,0,0,0,48,60,2110,1,0,0
2026-07-02T13:11:30.196Z,31.343,66.022,561,0,2,107,27.347,72.082,0,953.907,0,0,31.126,70.683,671,0,2,182,30.748,69.733,637,0,2,157,31.855,65.735,701,0,2,206,0,0,0,0,0,0,0,0,0,0,0,0,0,0,0,0,0,0,48,60,2110,1,0,0
2026-07-02T13:11:40.215Z,31.318,66.006,580,0,2,119,27.362,72.054,0,954.042,0,0,31.095,70.833,657,0,2,172,30.707,69.565,653,0,2,169,31.846,65.718,700,0,2,206,0,0,0,0,0,0,0,0,0,0,0,0,0,0,0,0,0,0,48,60,2145,1,0,0
2026-07-02T13:11:50.214Z,31.343,66.004,583,0,2,121,27.362,71.99,0,954.042,0,0,31.13,70.789,673,0,2,184,30.682,69.594,624,0,2,148,31.882,65.663,662,0,2,176,0,0,0,0,0,0,0,0,0,0,0,0,0,0,0,0,0,0,48,60,2090,1,0,0
2026-07-02T13:12:00.215Z,31.317,65.924,617,0,2,143,27.362,72.066,0,953.986,0,0,31.143,70.723,691,0,2,199,30.737,69.887,611,0,2,139,31.841,65.656,666,0,2,178,0,0,0,0,0,0,0,0,0,0,0,0,0,0,0,0,0,0,48,60,2105,1,0,0
2026-07-02T13:12:10.216Z,31.35,65.982,600,0,2,132,27.362,72.1,0,954.042,0,0,31.104,70.868,695,0,2,202,30.771,70.37,637,0,2,157,31.83,65.611,680,0,2,190,0,0,0,0,0,0,0,0,0,0,0,0,0,0,0,0,0,0,48,60,2103,1,0,0
2026-07-02T13:12:20.216Z,31.352,65.972,604,0,2,135,27.367,72.118,0,954.022,0,0,31.077,70.873,693,0,2,200,30.809,71.05,660,0,2,174,31.851,65.695,676,0,2,187,0,0,0,0,0,0,0,0,0,0,0,0,0,0,0,0,0,0,48,60,2065,1,0,0
2026-07-02T13:12:30.216Z,31.374,65.993,618,0,2,144,27.367,72.089,0,954.049,0,0,31.084,70.795,686,0,2,194,30.825,71.13,640,0,2,159,31.87,65.672,694,0,2,201,0,0,0,0,0,0,0,0,0,0,0,0,0,0,0,0,0,0,48,60,2097,1,0,0
2026-07-02T13:12:40.216Z,31.295,65.945,539,0,2,94,27.367,72.141,0,954.077,0,0,31.098,70.831,692,0,2,199,30.844,70.603,632,0,2,154,31.874,65.708,725,0,3,227,0,0,0,0,0,0,0,0,0,0,0,0,0,0,0,0,0,0,48,60,2073,1,0,0
2026-07-02T13:12:50.217Z,31.246,65.883,556,0,2,104,27.362,72.187,0,954.014,0,0,31.089,70.74,657,0,2,172,30.884,70.28,662,0,2,175,31.867,65.667,693,0,2,200,0,0,0,0,0,0,0,0,0,0,0,0,0,0,0,0,0,0,48,60,2106,1,0,0
2026-07-02T13:13:00.216Z,31.221,65.83,546,0,2,98,27.362,72.141,0,954.069,0,0,31.057,70.531,615,0,2,142,30.894,70.552,658,0,2,173,31.858,65.671,664,0,2,178,0,0,0,0,0,0,0,0,0,0,0,0,0,0,0,0,0,0,48,60,2105,1,0,0
2026-07-02T13:13:10.217Z,31.187,65.98,564,0,2,109,27.367,72.077,0,954.022,0,0,31.023,70.549,633,0,2,155,30.86,70.487,689,0,2,197,31.87,65.602,655,0,2,171,0,0,0,0,0,0,0,0,0,0,0,0,0,0,0,0,0,0,48,60,2096,1,0,0
2026-07-02T13:13:20.218Z,31.136,66.17,576,0,2,116,27.367,72.06,0,953.994,0,0,30.992,70.686,677,0,2,187,30.738,70.044,638,0,2,158,31.871,65.554,654,0,2,169,0,0,0,0,0,0,0,0,0,0,0,0,0,0,0,0,0,0,48,60,2103,1,0,0
2026-07-02T13:13:30.218Z,31.09,66.206,572,0,2,114,27.367,71.979,0,954.077,0,0,30.968,70.682,640,0,2,159,30.655,70.429,623,0,2,148,31.862,65.538,655,0,2,170,0,0,0,0,0,0,0,0,0,0,0,0,0,0,0,0,0,0,48,60,2090,1,0,0
2026-07-02T13:13:40.218Z,31.077,66.28,565,0,2,110,27.362,71.985,0,954.042,0,0,30.99,70.807,631,0,2,153,30.622,70.094,613,0,2,140,31.866,65.53,676,0,2,187,0,0,0,0,0,0,0,0,0,0,0,0,0,0,0,0,0,0,48,60,2092,1,0,0
2026-07-02T13:13:50.218Z,31.084,66.499,561,0,2,107,27.362,72.002,0,954.042,0,0,30.989,70.931,670,0,2,182,30.638,70.756,627,0,2,150,31.865,65.53,661,0,2,175,0,0,0,0,0,0,0,0,0,0,0,0,0,0,0,0,0,0,48,60,2099,1,0,0
2026-07-02T13:14:00.218Z,31.101,66.852,595,0,2,128,27.362,72.025,0,954.014,0,0,31.043,71.107,649,0,2,166,30.651,70.821,616,0,2,143,31.857,65.51,647,0,2,165,0,0,0,0,0,0,0,0,0,0,0,0,0,0,0,0,0,0,48,60,2098,1,0,0
2026-07-02T13:14:10.218Z,31.126,66.69,565,0,2,109,27.362,71.95,0,954.014,0,0,31.043,70.969,661,0,2,175,30.64,70.759,625,0,2,149,31.858,65.513,661,0,2,175,0,0,0,0,0,0,0,0,0,0,0,0,0,0,0,0,0,0,48,60,2114,1,0,0
2026-07-02T13:14:20.219Z,31.173,66.74,554,0,2,103,27.357,71.979,0,954.062,0,0,31.057,70.933,657,0,2,172,30.623,70.196,601,0,2,133,31.837,65.503,690,0,2,197,0,0,0,0,0,0,0,0,0,0,0,0,0,0,0,0,0,0,48,60,2102,1,0,0
2026-07-02T13:14:30.220Z,31.222,66.469,562,0,2,108,27.362,72.071,0,953.958,0,0,31.092,70.99,686,0,2,194,30.576,69.985,608,0,2,137,31.839,65.558,660,0,2,174,0,0,0,0,0,0,0,0,0,0,0,0,0,0,0,0,0,0,48,60,2109,1,0,0
2026-07-02T13:14:40.220Z,31.242,66.27,584,0,2,121,27.367,71.973,0,954.133,0,0,31.094,70.89,680,0,2,189,30.532,70.271,620,0,2,145,31.852,65.579,673,0,2,184,0,0,0,0,0,0,0,0,0,0,0,0,0,0,0,0,0,0,48,60,2096,1,0,0
2026-07-02T13:14:50.220Z,31.252,66.346,606,0,2,136,27.357,72.019,0,953.978,0,0,31.087,71.026,684,0,2,193,30.582,70.319,620,0,2,145,31.879,65.584,671,0,2,183,0,0,0,0,0,0,0,0,0,0,0,0,0,0,0,0,0,0,48,60,2096,1,0,0
2026-07-02T13:15:00.220Z,31.219,66.419,607,0,2,136,27.357,72.111,0,954.034,0,0,31.08,71.224,702,0,2,207,30.565,70.563,615,0,2,142,31.872,65.639,674,0,2,185,0,0,0,0,0,0,0,0,0,0,0,0,0,0,0,0,0,0,48,60,2101,1,0,0
2026-07-02T13:15:10.220Z,31.254,66.484,603,0,2,134,27.367,72.239,0,954.022,0,0,31.096,71.31,697,0,2,203,30.549,70.668,619,0,2,145,31.885,65.708,705,0,2,210,0,0,0,0,0,0,0,0,0,0,0,0,0,0,0,0,0,0,48,60,2102,1,0,0
2026-07-02T13:15:20.220Z,31.265,66.377,594,0,2,128,27.357,72.187,0,954.09,0,0,31.126,71.28,682,0,2,191,30.529,70.453,621,0,2,146,31.877,65.755,682,0,2,191,0,0,0,0,0,0,0,0,0,0,0,0,0,0,0,0,0,0,48,60,2091,1,0,0
2026-07-02T13:15:30.221Z,31.285,66.593,609,0,2,138,27.352,72.169,0,954.054,0,0,31.119,71.3,705,0,2,210,30.5,70.226,609,0,2,138,31.876,65.702,699,0,2,205,0,0,0,0,0,0,0,0,0,0,0,0,0,0,0,0,0,0,48,60,2097,1,0,0
2026-07-02T13:15:40.221Z,31.325,66.603,626,0,2,150,27.352,72.284,0,954.026,0,0,31.091,71.381,710,0,2,214,30.482,70.152,599,0,2,131,31.852,65.842,683,0,2,192,0,0,0,0,0,0,0,0,0,0,0,0,0,0,0,0,0,0,48,60,2102,1,0,0
2026-07-02T13:15:50.222Z,31.361,66.615,619,0,2,145,27.362,72.349,0,954.097,0,0,31.067,71.487,701,0,2,207,30.469,70.447,633,0,2,155,31.83,65.931,687,0,2,195,0,0,0,0,0,0,0,0,0,0,0,0,0,0,0,0,0,0,48,60,2023,1,0,0
2026-07-02T13:16:00.221Z,31.318,66.408,610,0,2,139,27.357,72.371,0,954.09,0,0,31.102,71.346,710,0,2,214,30.522,70.984,599,0,2,131,31.839,65.894,701,0,2,206,0,0,0,0,0,0,0,0,0,0,0,0,0,0,0,0,0,0,48,60,2129,1,0,0
2026-07-02T13:16:10.230Z,31.315,66.696,594,0,2,128,27.362,72.412,0,954.181,0,0,31.09,71.438,682,0,2,191,30.497,70.994,626,0,2,149,31.831,65.937,689,0,2,197,0,0,0,0,0,0,0,0,0,0,0,0,0,0,0,0,0,0,48,60,2094,1,0,0
2026-07-02T13:16:20.263Z,31.337,66.77,599,0,2,131,27.362,72.412,0,954.042,0,0,31.072,71.591,687,0,2,195,30.506,71.456,634,0,2,155,31.849,65.957,707,0,2,211,0,0,0,0,0,0,0,0,0,0,0,0,0,0,0,0,0,0,48,60,2097,1,0,0
2026-07-02T13:16:30.264Z,31.33,66.895,578,0,2,118,27.372,72.528,0,954.141,0,0,31.075,71.616,714,0,2,217,30.517,71.76,636,0,2,157,31.868,66.007,686,0,2,195,0,0,0,0,0,0,0,0,0,0,0,0,0,0,0,0,0,0,48,60,2097,1,0,0
2026-07-02T13:16:40.434Z,31.299,67.016,616,0,2,142,27.372,72.54,0,954.085,0,0,31.045,71.774,699,0,2,205,30.55,71.587,617,0,2,143,31.843,66.062,690,0,2,197,0,0,0,0,0,0,0,0,0,0,0,0,0,0,0,0,0,0,48,60,2103,1,0,0
2026-07-02T13:16:50.463Z,31.294,66.988,587,0,2,123,27.377,72.592,0,954.149,0,0,31.029,71.855,716,0,2,219,30.555,71.601,633,0,2,155,31.835,66.005,690,0,2,198,0,0,0,0,0,0,0,0,0,0,0,0,0,0,0,0,0,0,48,60,2096,1,0,0
2026-07-02T13:17:00.511Z,31.282,66.656,563,0,2,108,27.372,72.627,0,954.141,0,0,31.03,71.487,655,0,2,171,30.565,71.332,628,0,2,151,31.821,66.047,677,0,2,187,0,0,0,0,0,0,0,0,0,0,0,0,0,0,0,0,0,0,48,60,2106,1,0,0
2026-07-02T13:17:10.721Z,31.275,66.414,582,0,2,120,27.372,72.505,0,954.197,0,0,31.017,71.467,688,0,2,196,30.637,71.024,612,0,2,140,31.831,65.98,645,0,2,163,0,0,0,0,0,0,0,0,0,0,0,0,0,0,0,0,0,0,48,60,2087,1,0,0
2026-07-02T13:17:20.723Z,31.292,66.588,605,0,2,135,27.367,72.424,0,954.022,0,0,31.009,71.506,675,0,2,185,30.669,70.874,584,0,2,122,31.829,65.955,683,0,2,192,0,0,0,0,0,0,0,0,0,0,0,0,0,0,0,0,0,0,48,60,2101,1,0,0
2026-07-02T13:17:30.723Z,31.283,66.841,591,0,2,126,27.367,72.349,0,954.077,0,0,31.038,71.638,698,0,2,204,30.708,70.617,593,0,2,127,31.833,65.937,673,0,2,184,0,0,0,0,0,0,0,0,0,0,0,0,0,0,0,0,0,0,48,60,2106,1,0,0
2026-07-02T13:17:40.722Z,31.308,66.768,582,0,2,120,27.367,72.389,0,954.161,0,0,31.032,71.588,701,0,2,206,30.709,70.769,612,0,2,140,31.843,65.973,689,0,2,196,0,0,0,0,0,0,0,0,0,0,0,0,0,0,0,0,0,0,48,60,2096,1,0,0
2026-07-02T13:17:50.722Z,31.314,66.599,573,0,2,114,27.367,72.337,0,954.161,0,0,31.035,71.563,696,0,2,202,30.676,70.782,626,0,2,150,31.859,65.952,667,0,2,179,0,0,0,0,0,0,0,0,0,0,0,0,0,0,0,0,0,0,48,60,2098,1,0,0
2026-07-02T13:18:00.723Z,31.34,66.575,596,0,2,129,27.367,72.384,0,954.105,0,0,31.015,71.657,699,0,2,205,30.68,70.685,627,0,2,150,31.829,65.904,675,0,2,186,0,0,0,0,0,0,0,0,0,0,0,0,0,0,0,0,0,0,48,60,2094,1,0,0
2026-07-02T13:18:10.723Z,31.347,66.43,600,0,2,132,27.367,72.447,0,954.133,0,0,31.044,71.434,694,0,2,201,30.658,70.779,629,0,2,151,31.821,65.893,687,0,2,195,0,0,0,0,0,0,0,0,0,0,0,0,0,0,0,0,0,0,48,60,2160,1,0,0
2026-07-02T13:18:20.723Z,31.313,66.793,595,0,2,129,27.367,72.447,0,954.133,0,0,31.061,71.541,704,0,2,209,30.669,70.858,629,0,2,152,31.833,65.952,697,0,2,203,0,0,0,0,0,0,0,0,0,0,0,0,0,0,0,0,0,0,48,60,2100,1,0,0
2026-07-02T13:18:30.724Z,31.339,66.623,607,0,2,137,27.362,72.441,0,954.125,0,0,31.056,71.477,702,0,2,207,30.63,71.1,650,0,2,167,31.861,66.028,685,0,2,194,0,0,0,0,0,0,0,0,0,0,0,0,0,0,0,0,0,0,48,60,2103,1,0,0
2026-07-02T13:18:40.724Z,31.327,66.447,591,0,2,126,27.367,72.412,0,954.161,0,0,31.048,71.371,704,0,2,209,30.614,71.279,622,0,2,146,31.863,65.992,696,0,2,202,0,0,0,0,0,0,0,0,0,0,0,0,0,0,0,0,0,0,48,60,2102,1,0,0
2026-07-02T13:18:50.725Z,31.316,66.381,606,0,2,136,27.362,72.406,0,954.153,0,0,31.053,71.286,720,0,3,222,30.585,71.806,623,0,2,148,31.909,65.939,706,0,2,211,0,0,0,0,0,0,0,0,0,0,0,0,0,0,0,0,0,0,48,60,2098,1,0,0
2026-07-02T13:19:00.726Z,31.321,66.478,624,0,2,148,27.357,72.47,0,954.173,0,0,31.057,71.448,722,0,3,224,30.575,71.557,639,0,2,159,31.884,65.953,679,0,2,189,0,0,0,0,0,0,0,0,0,0,0,0,0,0,0,0,0,0,48,60,2096,1,0,0
2026-07-02T13:19:10.726Z,31.339,66.658,596,0,2,129,27.362,72.493,0,954.237,0,0,30.979,71.616,699,0,2,205,30.579,70.858,666,0,2,179,31.919,65.94,691,0,2,199,0,0,0,0,0,0,0,0,0,0,0,0,0,0,0,0,0,0,48,60,2096,1,0,0
2026-07-02T13:19:20.725Z,31.285,66.475,555,0,2,104,27.362,72.424,0,954.209,0,0,30.991,71.542,638,0,2,158,30.688,72.002,666,0,2,179,31.891,65.943,650,0,2,167,0,0,0,0,0,0,0,0,0,0,0,0,0,0,0,0,0,0,48,60,2101,1,0,0
2026-07-02T13:19:30.725Z,31.227,66.273,537,0,2,93,27.362,72.412,0,954.153,0,0,30.944,71.284,681,0,2,190,30.718,71.916,655,0,2,170,31.911,65.931,667,0,2,180,0,0,0,0,0,0,0,0,0,0,0,0,0,0,0,0,0,0,48,60,2105,1,0,0
2026-07-02T13:19:40.726Z,31.198,66.387,571,0,2,113,27.362,72.447,0,954.181,0,0,30.924,71.289,694,0,2,200,30.69,71.495,637,0,2,158,31.915,65.87,655,0,2,171,0,0,0,0,0,0,0,0,0,0,0,0,0,0,0,0,0,0,48,60,2103,1,0,0
2026-07-02T13:19:50.726Z,31.184,66.471,590,0,2,126,27.367,72.511,0,954.189,0,0,30.928,71.355,689,0,2,197,30.691,71.176,645,0,2,163,31.892,65.79,674,0,2,185,0,0,0,0,0,0,0,0,0,0,0,0,0,0,0,0,0,0,48,60,2101,1,0,0
2026-07-02T13:20:00.727Z,31.181,66.538,562,0,2,108,27.362,72.424,0,954.181,0,0,30.959,71.492,683,0,2,192,30.69,70.918,606,0,2,136,31.923,65.779,673,0,2,184,0,0,0,0,0,0,0,0,0,0,0,0,0,0,0,0,0,0,48,60,2107,1,0,0
2026-07-02T13:20:10.727Z,31.089,66.598,609,0,2,138,27.367,72.233,0,954.217,0,0,30.89,71.334,716,0,2,219,30.619,70.902,699,0,2,204,31.841,65.924,769,0,3,267,0,0,0,0,0,0,0,0,0,0,0,0,0,0,0,0,0,0,48,60,2146,1,0,0
2026-07-02T13:20:20.727Z,30.966,67.294,651,0,2,168,27.372,72.424,0,954.197,0,0,30.758,71.96,740,0,3,240,30.431,71.242,721,0,3,223,31.701,66.389,766,0,3,263,0,0,0,0,0,0,0,0,0,0,0,0,0,0,0,0,0,0,48,60,2128,1,0,0
2026-07-02T13:20:30.728Z,30.911,67.868,578,0,2,118,27.357,72.562,0,954.229,0,0,30.657,72.552,680,0,2,190,30.44,71.561,677,0,2,187,31.669,66.606,750,0,3,249,0,0,0,0,0,0,0,0,0,0,0,0,0,0,0,0,0,0,48,60,2144,1,0,0
2026-07-02T13:20:40.728Z,30.923,68.137,555,0,2,104,27.362,72.58,0,954.181,0,0,30.63,72.95,688,0,2,196,30.352,71.262,694,0,2,201,31.514,66.898,644,0,2,162,0,0,0,0,0,0,0,0,0,0,0,0,0,0,0,0,0,0,48,60,2223,1,0,0
2026-07-02T13:20:50.727Z,30.959,67.879,564,0,2,109,27.357,72.574,0,954.229,0,0,30.509,72.939,692,0,2,199,30.338,71.756,698,0,2,204,31.47,67.134,707,0,2,211,0,0,0,0,0,0,0,0,0,0,0,0,0,0,0,0,0,0,48,60,2139,1,0,0
2026-07-02T13:21:00.728Z,30.977,67.472,584,0,2,121,27.357,72.331,0,954.173,0,0,30.538,72.711,681,0,2,191,30.368,71.611,680,0,2,190,31.46,66.941,651,0,2,167,0,0,0,0,0,0,0,0,0,0,0,0,0,0,0,0,0,0,48,60,2139,1,0,0
2026-07-02T13:21:10.729Z,30.933,67.444,594,0,2,128,27.362,72.256,0,954.181,0,0,30.507,72.732,712,0,2,215,30.467,71.664,733,0,3,233,31.522,66.929,675,0,2,186,0,0,0,0,0,0,0,0,0,0,0,0,0,0,0,0,0,0,48,60,2119,1,0,0
2026-07-02T13:21:20.728Z,30.949,67.497,578,0,2,118,27.352,72.319,0,954.165,0,0,30.445,72.875,712,0,2,215,30.467,71.479,707,0,2,211,31.555,66.875,668,0,2,180,0,0,0,0,0,0,0,0,0,0,0,0,0,0,0,0,0,0,48,60,2155,1,0,0
2026-07-02T13:21:30.729Z,30.965,67.592,614,0,2,141,27.357,72.296,0,954.257,0,0,30.439,73.235,690,0,2,197,30.455,71.402,687,0,2,195,31.539,66.857,730,0,3,231,0,0,0,0,0,0,0,0,0,0,0,0,0,0,0,0,0,0,48,60,2128,1,0,0
2026-07-02T13:21:40.730Z,30.99,67.494,598,0,2,130,27.362,72.291,0,954.209,0,0,30.413,73.104,714,0,2,217,30.445,71.309,684,0,2,193,31.523,66.834,717,0,3,220,0,0,0,0,0,0,0,0,0,0,0,0,0,0,0,0,0,0,48,60,2157,1,0,0
2026-07-02T13:21:50.729Z,31.036,67.38,590,0,2,125,27.352,72.377,0,954.249,0,0,30.53,73.003,707,0,2,211,30.448,71.408,695,0,2,201,31.641,66.773,687,0,2,195,0,0,0,0,0,0,0,0,0,0,0,0,0,0,0,0,0,0,48,60,2144,1,0,0
2026-07-02T13:22:00.730Z,31.068,67.378,603,0,2,134,27.362,72.418,0,954.237,0,0,30.52,72.914,709,0,2,213,30.353,71.536,691,0,2,198,31.679,66.679,714,0,2,217,0,0,0,0,0,0,0,0,0,0,0,0,0,0,0,0,0,0,48,60,2139,1,0,0
2026-07-02T13:22:10.730Z,31.116,67.126,585,0,2,122,27.352,72.302,0,954.221,0,0,30.576,72.743,695,0,2,202,30.398,71.648,694,0,2,200,31.722,66.44,689,0,2,197,0,0,0,0,0,0,0,0,0,0,0,0,0,0,0,0,0,0,48,60,2163,1,0,0
2026-07-02T13:22:20.730Z,31.075,67.115,580,0,2,119,27.357,72.36,0,954.285,0,0,30.591,72.76,697,0,2,203,30.393,71.609,665,0,2,178,31.72,66.378,663,0,2,176,0,0,0,0,0,0,0,0,0,0,0,0,0,0,0,0,0,0,48,60,2152,1,0,0
2026-07-02T13:22:30.731Z,31.066,67.235,615,0,2,142,27.347,72.405,0,954.213,0,0,30.595,72.773,692,0,2,199,30.397,72.059,705,0,2,210,31.716,66.617,693,0,2,200,0,0,0,0,0,0,0,0,0,0,0,0,0,0,0,0,0,0,48,60,2130,1,0,0
2026-07-02T13:22:40.731Z,31.073,67.229,576,0,2,116,27.352,72.4,0,954.221,0,0,30.577,72.683,711,0,2,215,30.398,72.133,708,0,2,212,31.748,66.462,688,0,2,196,0,0,0,0,0,0,0,0,0,0,0,0,0,0,0,0,0,0,48,60,2160,1,0,0
2026-07-02T13:22:50.732Z,31.032,67.316,590,0,2,126,27.352,72.539,0,954.221,0,0,30.567,72.706,716,0,2,219,30.36,72.357,729,0,3,230,31.788,66.372,697,0,2,203,0,0,0,0,0,0,0,0,0,0,0,0,0,0,0,0,0,0,48,60,2212,1,0,0
2026-07-02T13:23:00.732Z,31.061,67.372,621,0,2,146,27.352,72.475,0,954.277,0,0,30.587,72.749,692,0,2,199,30.408,72.301,745,0,3,244,31.812,66.337,699,0,2,204,0,0,0,0,0,0,0,0,0,0,0,0,0,0,0,0,0,0,48,60,2139,1,0,0
2026-07-02T13:23:10.732Z,31.104,67.466,607,0,2,136,27.347,72.573,0,954.241,0,0,30.609,72.776,716,0,2,219,30.422,71.561,773,0,3,270,31.829,66.249,688,0,2,196,0,0,0,0,0,0,0,0,0,0,0,0,0,0,0,0,0,0,48,60,2154,1,0,0
2026-07-02T13:23:20.732Z,31.103,67.45,605,0,2,135,27.347,72.59,0,954.297,0,0,30.527,72.9,716,0,2,219,30.427,71.929,732,0,3,232,31.82,66.222,666,0,2,179,0,0,0,0,0,0,0,0,0,0,0,0,0,0,0,0,0,0,48,60,2135,1,0,0
2026-07-02T13:23:30.732Z,31.089,67.47,607,0,2,136,27.347,72.642,0,954.213,0,0,30.61,73.011,717,0,3,220,30.411,71.817,735,0,3,236,31.776,66.222,707,0,2,211,0,0,0,0,0,0,0,0,0,0,0,0,0,0,0,0,0,0,48,60,2178,1,0,0
2026-07-02T13:23:40.733Z,31.096,67.452,596,0,2,129,27.352,72.648,0,954.221,0,0,30.542,72.979,723,0,3,225,30.443,71.776,724,0,3,225,31.77,66.251,709,0,2,213,0,0,0,0,0,0,0,0,0,0,0,0,0,0,0,0,0,0,48,60,2147,1,0,0
2026-07-02T13:23:50.734Z,31.055,67.62,581,0,2,119,27.352,72.712,0,954.221,0,0,30.424,73.324,720,0,3,222,30.427,71.692,699,0,2,205,31.664,66.429,720,0,3,222,0,0,0,0,0,0,0,0,0,0,0,0,0,0,0,0,0,0,48,60,2138,1,0,0
2026-07-02T13:24:00.733Z,31.12,67.72,621,0,2,146,27.347,72.7,0,954.241,0,0,30.377,73.495,715,0,2,218,30.361,71.882,2382,0,5,6931,31.644,66.591,714,0,2,217,0,0,0,0,0,0,0,0,0,0,0,0,0,0,0,0,0,0,48,60,2120,1,0,0
2026-07-02T13:24:10.734Z,31.202,67.624,608,0,2,137,27.357,72.787,0,954.173,0,0,30.381,73.689,733,0,3,233,30.343,72.005,934,0,4,735,31.654,66.775,723,0,3,225,0,0,0,0,0,0,0,0,0,0,0,0,0,0,0,0,0,0,48,60,2160,1,0,0
2026-07-02T13:24:20.736Z,31.241,67.515,789,0,3,285,27.357,72.816,0,954.229,0,0,30.416,73.713,843,0,3,427,30.376,71.999,749,0,3,248,31.7,66.76,780,0,3,277,0,0,0,0,0,0,0,0,0,0,0,0,0,0,0,0,0,0,48,60,2160,1,0,0
2026-07-02T13:24:30.736Z,31.245,67.548,802,0,3,304,27.352,72.868,0,954.277,0,0,30.405,73.79,836,0,3,404,30.358,72.068,1022,0,4,1082,31.716,66.772,824,0,3,366,0,0,0,0,0,0,0,0,0,0,0,0,0,0,0,0,0,0,48,60,2149,1,0,0
2026-07-02T13:24:40.787Z,31.275,67.587,814,0,3,339,27.352,72.885,0,954.221,0,0,30.426,73.934,864,0,3,494,30.244,72.365,963,0,4,845,31.717,66.773,841,0,3,421,0,0,0,0,0,0,0,0,0,0,0,0,0,0,0,0,0,0,48,60,2130,1,0,0
2026-07-02T13:24:50.853Z,31.302,67.342,742,0,3,242,27.357,72.885,0,954.285,0,0,30.455,73.896,823,0,3,365,30.251,72.134,1001,0,4,996,31.75,66.745,832,0,3,392,0,0,0,0,0,0,0,0,0,0,0,0,0,0,0,0,0,0,48,60,2135,1,0,0
2026-07-02T13:25:00.901Z,31.331,67.194,717,0,2,219,27.352,72.787,0,954.249,0,0,30.496,73.721,827,0,3,375,30.252,72.472,964,0,4,851,31.765,66.705,816,0,3,345,0,0,0,0,0,0,0,0,0,0,0,0,0,0,0,0,0,0,48,60,2129,1,0,0
2026-07-02T13:25:10.902Z,31.315,67.102,712,0,2,216,27.352,72.787,0,954.332,0,0,30.44,73.628,823,0,3,364,30.212,72.417,860,0,3,480,31.752,66.583,822,0,3,360,0,0,0,0,0,0,0,0,0,0,0,0,0,0,0,0,0,0,48,60,2139,1,0,0
2026-07-02T13:25:20.902Z,31.373,67.04,725,0,3,226,27.347,72.85,0,954.213,0,0,30.41,73.72,837,0,3,406,30.187,72.58,811,0,3,329,31.739,66.627,824,0,3,368,0,0,0,0,0,0,0,0,0,0,0,0,0,0,0,0,0,0,48,60,2128,1,0,0
2026-07-02T13:25:30.903Z,31.403,66.848,772,0,3,269,27.357,72.839,0,954.257,0,0,30.414,73.658,812,0,3,333,30.205,72.33,857,0,3,471,31.707,66.631,818,0,3,351,0,0,0,0,0,0,0,0,0,0,0,0,0,0,0,0,0,0,48,60,2159,1,0,0
2026-07-02T13:25:40.903Z,31.305,66.761,725,0,3,226,27.347,72.677,0,954.185,0,0,30.458,73.638,843,0,3,425,30.125,72.374,880,0,3,547,31.697,66.676,813,0,3,333,0,0,0,0,0,0,0,0,0,0,0,0,0,0,0,0,0,0,48,60,2147,1,0,0
2026-07-02T13:25:50.903Z,31.276,66.914,729,0,3,230,27.347,72.752,0,954.213,0,0,30.425,73.591,815,0,3,341,30.149,72.472,831,0,3,388,31.662,66.659,808,0,3,321,0,0,0,0,0,0,0,0,0,0,0,0,0,0,0,0,0,0,48,60,2093,1,0,0
2026-07-02T13:26:00.903Z,31.288,67.081,725,0,3,226,27.342,72.815,0,954.289,0,0,30.38,73.696,819,0,3,351,30.158,72.542,849,0,3,446,31.649,66.744,805,0,3,312,0,0,0,0,0,0,0,0,0,0,0,0,0,0,0,0,0,0,48,60,2128,1,0,0
2026-07-02T13:26:10.904Z,31.274,67.157,709,0,2,213,27.352,72.816,0,954.332,0,0,30.347,73.776,811,0,3,328,30.201,72.641,903,0,3,626,31.626,66.769,797,0,3,294,0,0,0,0,0,0,0,0,0,0,0,0,0,0,0,0,0,0,48,60,2127,1,0,0
2026-07-02T13:26:20.905Z,31.254,67.201,748,0,3,246,27.352,72.897,0,954.221,0,0,30.275,74.067,824,0,3,368,30.257,72.489,936,0,4,745,31.649,66.886,815,0,3,341,0,0,0,0,0,0,0,0,0,0,0,0,0,0,0,0,0,0,48,60,2112,1,0,0
2026-07-02T13:26:30.905Z,31.246,67.253,708,0,2,212,27.352,72.925,0,954.305,0,0,30.305,74.173,820,0,3,356,30.316,72.41,896,0,3,600,31.659,66.903,807,0,3,318,0,0,0,0,0,0,0,0,0,0,0,0,0,0,0,0,0,0,48,60,2157,1,0,0
2026-07-02T13:26:40.905Z,31.295,67.213,717,0,3,220,27.342,72.919,0,954.289,0,0,30.297,74.099,814,0,3,339,30.426,72.183,858,0,3,473,31.694,66.849,804,0,3,309,0,0,0,0,0,0,0,0,0,0,0,0,0,0,0,0,0,0,48,60,2132,1,0,0
2026-07-02T13:26:50.905Z,31.32,67.066,702,0,2,207,27.347,72.769,0,954.269,0,0,30.339,73.992,840,0,3,415,30.453,71.96,858,0,3,474,31.638,66.854,808,0,3,321,0,0,0,0,0,0,0,0,0,0,0,0,0,0,0,0,0,0,48,60,2142,1,0,0
2026-07-02T13:27:00.905Z,31.355,66.994,728,0,3,229,27.342,72.757,0,954.261,0,0,30.348,73.957,825,0,3,371,30.467,71.865,863,0,3,488,31.66,66.829,813,0,3,335,0,0,0,0,0,0,0,0,0,0,0,0,0,0,0,0,0,0,48,60,2135,1,0,0
2026-07-02T13:27:10.906Z,31.358,66.978,737,0,3,237,27.352,72.758,0,954.332,0,0,30.354,73.954,824,0,3,368,30.491,71.569,810,0,3,325,31.673,66.85,806,0,3,316,0,0,0,0,0,0,0,0,0,0,0,0,0,0,0,0,0,0,48,60,2162,1,0,0
2026-07-02T13:27:21.068Z,31.436,66.824,721,0,3,223,27.352,72.793,0,954.305,0,0,30.493,73.713,821,0,3,358,30.545,71.624,819,0,3,352,31.682,66.788,805,0,3,312,0,0,0,0,0,0,0,0,0,0,0,0,0,0,0,0,0,0,48,60,2112,1,0,0
2026-07-02T13:27:31.133Z,31.443,66.721,702,0,2,207,27.347,72.908,0,954.325,0,0,30.515,73.592,809,0,3,323,30.534,71.355,831,0,3,388,31.723,66.743,805,0,3,311,0,0,0,0,0,0,0,0,0,0,0,0,0,0,0,0,0,0,48,60,2179,1,0,0
2026-07-02T13:27:41.199Z,31.45,66.494,704,0,2,208,27.352,72.787,0,954.305,0,0,30.676,73.172,821,0,3,358,30.496,71.736,870,0,3,512,31.749,66.678,814,0,3,338,0,0,0,0,0,0,0,0,0,0,0,0,0,0,0,0,0,0,48,60,2140,1,0,0
2026-07-02T13:27:51.199Z,31.378,66.631,740,0,3,239,27.347,72.867,0,954.241,0,0,30.701,72.933,821,0,3,358,30.412,71.826,829,0,3,382,31.768,66.671,812,0,3,331,0,0,0,0,0,0,0,0,0,0,0,0,0,0,0,0,0,0,48,60,2129,1,0,0
2026-07-02T13:28:01.396Z,31.388,66.812,754,0,3,253,27.347,72.885,0,954.325,0,0,30.72,72.9,819,0,3,352,30.429,71.904,843,0,3,426,31.788,66.698,813,0,3,334,0,0,0,0,0,0,0,0,0,0,0,0,0,0,0,0,0,0,48,60,2129,1,0,0
2026-07-02T13:28:11.479Z,31.349,66.83,709,0,2,213,27.362,72.903,0,954.376,0,0,30.688,72.824,813,0,3,335,30.473,71.955,889,0,3,577,31.839,66.543,818,0,3,350,0,0,0,0,0,0,0,0,0,0,0,0,0,0,0,0,0,0,48,60,2128,1,0,0
2026-07-02T13:28:21.561Z,31.261,66.92,711,0,2,215,27.347,72.989,0,954.269,0,0,30.689,72.867,817,0,3,346,30.47,71.993,843,0,3,426,31.869,66.525,814,0,3,337,0,0,0,0,0,0,0,0,0,0,0,0,0,0,0,0,0,0,48,60,2139,1,0,0
2026-07-02T13:28:31.610Z,31.267,66.986,708,0,2,212,27.352,73.001,0,954.332,0,0,30.648,72.891,821,0,3,357,30.456,71.818,809,0,3,324,31.87,66.497,818,0,3,351,0,0,0,0,0,0,0,0,0,0,0,0,0,0,0,0,0,0,48,60,2112,1,0,0
2026-07-02T13:28:41.676Z,31.216,67.141,712,0,2,215,27.352,72.954,0,954.305,0,0,30.625,72.99,805,0,3,312,30.339,71.452,800,0,3,296,31.887,66.452,810,0,3,326,0,0,0,0,0,0,0,0,0,0,0,0,0,0,0,0,0,0,48,60,2147,1,0,0
2026-07-02T13:28:51.742Z,31.175,67.199,719,0,3,222,27.357,72.989,0,954.368,0,0,30.611,73.102,817,0,3,346,30.324,71.587,829,0,3,383,31.87,66.404,802,0,3,304,0,0,0,0,0,0,0,0,0,0,0,0,0,0,0,0,0,0,48,60,2160,1,0,0
2026-07-02T13:29:01.743Z,31.102,67.528,725,0,3,227,27.357,73.007,0,954.34,0,0,30.51,73.362,821,0,3,358,30.272,71.821,854,0,3,461,31.882,66.398,805,0,3,311,0,0,0,0,0,0,0,0,0,0,0,0,0,0,0,0,0,0,48,60,2083,1,0,0
2026-07-02T13:29:11.743Z,30.997,67.623,690,0,2,197,27.357,73.007,0,954.312,0,0,30.458,73.448,806,0,3,314,30.272,71.832,808,0,3,320,31.885,66.297,809,0,3,322,0,0,0,0,0,0,0,0,0,0,0,0,0,0,0,0,0,0,48,60,2124,1,0,0
2026-07-02T13:29:21.788Z,30.904,67.719,680,0,2,190,27.367,72.979,0,954.356,0,0,30.44,73.463,808,0,3,319,30.241,71.899,828,0,3,378,31.892,66.329,825,0,3,371,0,0,0,0,0,0,0,0,0,0,0,0,0,0,0,0,0,0,48,60,2128,1,0,0
2026-07-02T13:29:31.790Z,30.903,67.872,702,0,2,207,27.347,72.74,0,954.297,0,0,30.453,73.412,807,0,3,316,30.304,72.552,882,0,3,551,31.877,66.304,778,0,3,274,0,0,0,0,0,0,0,0,0,0,0,0,0,0,0,0,0,0,48,60,2151,1,0,0
2026-07-02T13:29:41.789Z,30.884,67.835,640,0,2,159,27.362,72.724,0,954.348,0,0,30.41,73.505,771,0,3,268,30.381,72.483,870,0,3,512,31.865,66.256,786,0,3,282,0,0,0,0,0,0,0,0,0,0,0,0,0,0,0,0,0,0,48,60,2150,1,0,0
2026-07-02T13:29:51.789Z,30.86,67.861,679,0,2,189,27.362,72.73,0,954.348,0,0,30.426,73.428,778,0,3,275,30.376,72.543,951,0,4,800,31.853,66.245,810,0,3,325,0,0,0,0,0,0,0,0,0,0,0,0,0,0,0,0,0,0,48,60,2135,1,0,0
2026-07-02T13:30:01.790Z,30.892,68.14,732,0,3,232,27.362,72.788,0,954.404,0,0,30.474,73.528,816,0,3,344,30.474,72.388,1010,0,4,1034,31.828,66.32,814,0,3,338,0,0,0,0,0,0,0,0,0,0,0,0,0,0,0,0,0,0,48,60,2142,1,0,0
2026-07-02T13:30:11.790Z,30.921,68.196,718,0,3,220,27.352,72.897,0,954.332,0,0,30.446,73.692,834,0,3,397,30.517,72.16,859,0,3,476,31.747,66.71,920,0,4,687,0,0,0,0,0,0,0,0,0,0,0,0,0,0,0,0,0,0,48,60,2155,1,0,0
2026-07-02T13:30:21.790Z,30.894,68.357,725,0,3,227,27.367,73.106,0,954.328,0,0,30.416,73.967,844,0,3,430,30.521,72.044,833,0,3,396,31.656,67.301,869,0,3,510,0,0,0,0,0,0,0,0,0,0,0,0,0,0,0,0,0,0,48,60,2150,1,0,0
2026-07-02T13:30:31.791Z,30.917,68.576,728,0,3,229,27.377,73.193,0,954.316,0,0,30.462,74.024,811,0,3,329,30.472,71.648,844,0,3,429,31.491,67.635,840,0,3,417,0,0,0,0,0,0,0,0,0,0,0,0,0,0,0,0,0,0,48,60,2151,1,0,0
2026-07-02T13:30:41.791Z,30.927,68.573,685,0,2,194,27.377,73.199,0,954.372,0,0,30.466,73.891,823,0,3,363,30.492,71.877,855,0,3,462,31.339,68.3,956,0,4,821,0,0,0,0,0,0,0,0,0,0,0,0,0,0,0,0,0,0,48,60,2138,1,0,0
2026-07-02T13:30:51.792Z,30.94,68.496,705,0,2,209,27.372,73.141,0,954.364,0,0,30.467,73.767,811,0,3,328,30.444,71.937,828,0,3,379,31.267,68.709,902,0,3,622,0,0,0,0,0,0,0,0,0,0,0,0,0,0,0,0,0,0,48,60,2134,1,0,0
2026-07-02T13:31:01.792Z,30.951,68.561,713,0,2,216,27.377,73.077,0,954.316,0,0,30.495,73.757,819,0,3,352,30.497,72.052,865,0,3,495,31.319,68.509,805,0,3,311,0,0,0,0,0,0,0,0,0,0,0,0,0,0,0,0,0,0,48,60,2134,1,0,0
2026-07-02T13:31:11.792Z,30.959,68.256,670,0,2,182,27.372,72.892,0,954.364,0,0,30.54,73.618,806,0,3,315,30.507,71.883,829,0,3,383,31.409,68.205,781,0,3,277,0,0,0,0,0,0,0,0,0,0,0,0,0,0,0,0,0,0,48,60,2125,1,0,0
2026-07-02T13:31:21.791Z,30.93,67.857,674,0,2,185,27.367,72.678,0,954.356,0,0,30.581,73.199,798,0,3,294,30.502,71.642,820,0,3,355,31.476,67.729,781,0,3,278,0,0,0,0,0,0,0,0,0,0,0,0,0,0,0,0,0,0,48,60,2130,1,0,0
2026-07-02T13:31:31.791Z,30.933,67.865,702,0,2,208,27.372,72.875,0,954.336,0,0,30.614,73.065,816,0,3,345,30.506,71.611,818,0,3,350,31.582,67.469,795,0,3,291,0,0,0,0,0,0,0,0,0,0,0,0,0,0,0,0,0,0,48,60,2140,1,0,0
2026-07-02T13:31:41.838Z,30.943,67.995,722,0,3,224,27.367,72.851,0,954.356,0,0,30.619,73.13,811,0,3,328,30.462,71.506,879,0,3,541,31.601,67.306,784,0,3,281,0,0,0,0,0,0,0,0,0,0,0,0,0,0,0,0,0,0,48,60,2119,1,0,0
2026-07-02T13:31:51.870Z,30.994,68.181,673,0,2,184,27.377,72.893,0,954.316,0,0,30.656,73.251,821,0,3,360,30.466,71.332,850,0,3,447,31.619,67.215,803,0,3,305,0,0,0,0,0,0,0,0,0,0,0,0,0,0,0,0,0,0,48,60,2134,1,0,0
2026-07-02T13:32:01.921Z,31.03,68.173,711,0,2,215,27.372,72.973,0,954.392,0,0,30.593,73.318,820,0,3,355,30.447,71.506,822,0,3,363,31.731,67.085,802,0,3,303,0,0,0,0,0,0,0,0,0,0,0,0,0,0,0,0,0,0,48,60,2142,1,0,0
2026-07-02T13:32:11.951Z,31.05,68.211,708,0,2,212,27.377,73.031,0,954.427,0,0,30.61,73.346,817,0,3,346,30.363,71.554,826,0,3,372,31.7,66.986,809,0,3,325,0,0,0,0,0,0,0,0,0,0,0,0,0,0,0,0,0,0,48,60,2170,1,0,0
2026-07-02T13:32:21.951Z,31.054,68.144,701,0,2,206,27.367,73.03,0,954.356,0,0,30.568,73.421,825,0,3,370,30.317,71.452,805,0,3,312,31.712,66.985,791,0,3,288,0,0,0,0,0,0,0,0,0,0,0,0,0,0,0,0,0,0,48,60,2160,1,0,0
2026-07-02T13:32:32.015Z,31.038,68.032,725,0,3,227,27.382,73.089,0,954.379,0,0,30.592,73.422,816,0,3,343,30.272,71.527,786,0,3,283,31.755,66.893,807,0,3,318,0,0,0,0,0,0,0,0,0,0,0,0,0,0,0,0,0,0,48,60,2159,1,0,0
2026-07-02T13:32:42.065Z,31.06,68.126,701,0,2,206,27.382,73.095,0,954.407,0,0,30.524,73.521,821,0,3,358,30.24,71.594,800,0,3,298,31.757,66.857,805,0,3,311,0,0,0,0,0,0,0,0,0,0,0,0,0,0,0,0,0,0,48,60,2166,1,0,0
2026-07-02T13:32:52.065Z,31.016,68.107,708,0,2,212,27.372,73.1,0,954.392,0,0,30.517,73.532,807,0,3,317,30.176,71.602,783,0,3,280,31.818,66.843,805,0,3,313,0,0,0,0,0,0,0,0,0,0,0,0,0,0,0,0,0,0,48,60,2147,1,0,0
2026-07-02T13:33:02.065Z,31.052,68.036,707,0,2,211,27.372,73.239,0,954.392,0,0,30.482,73.558,819,0,3,352,30.157,71.711,791,0,3,287,31.823,66.786,814,0,3,336,0,0,0,0,0,0,0,0,0,0,0,0,0,0,0,0,0,0,48,60,2116,1,0,0
2026-07-02T13:33:12.065Z,31.122,67.976,696,0,2,202,27.387,73.142,0,954.471,0,0,30.488,73.75,811,0,3,330,30.061,72.171,809,0,3,323,31.839,66.681,802,0,3,304,0,0,0,0,0,0,0,0,0,0,0,0,0,0,0,0,0,0,48,60,2160,1,0,0
2026-07-02T13:33:22.065Z,31.146,67.723,610,0,2,139,27.382,72.749,0,954.407,0,0,30.51,73.609,781,0,3,278,30.022,72.529,811,0,3,328,31.867,66.513,735,0,3,235,0,0,0,0,0,0,0,0,0,0,0,0,0,0,0,0,0,0,48,60,2128,1,0,0
2026-07-02T13:33:32.065Z,31.15,67.502,671,0,2,182,27.377,72.656,0,954.399,0,0,30.522,73.367,801,0,3,299,30.065,72.723,821,0,3,358,31.88,66.274,769,0,3,266,0,0,0,0,0,0,0,0,0,0,0,0,0,0,0,0,0,0,48,60,2130,1,0,0
2026-07-02T13:33:42.066Z,31.133,67.363,670,0,2,182,27.377,72.783,0,954.399,0,0,30.636,73.265,801,0,3,301,30.056,72.697,823,0,3,366,31.916,66.294,803,0,3,306,0,0,0,0,0,0,0,0,0,0,0,0,0,0,0,0,0,0,48,60,2111,1,0,0
2026-07-02T13:33:52.066Z,31.132,67.391,693,0,2,200,27.387,72.922,0,954.499,0,0,30.675,73.003,800,0,3,297,30.027,72.77,837,0,3,408,31.867,66.314,782,0,3,278,0,0,0,0,0,0,0,0,0,0,0,0,0,0,0,0,0,0,48,60,2130,1,0,0
2026-07-02T13:34:02.067Z,31.145,67.553,709,0,2,213,27.377,72.985,0,954.372,0,0,30.658,73.068,820,0,3,357,30.049,72.882,846,0,3,436,31.901,66.346,791,0,3,287,0,0,0,0,0,0,0,0,0,0,0,0,0,0,0,0,0,0,48,60,2136,1,0,0
2026-07-02T13:34:12.067Z,31.137,67.912,711,0,2,215,27.382,73.037,0,954.407,0,0,30.678,73.26,824,0,3,367,30.16,72.645,836,0,3,403,31.885,66.436,791,0,3,288,0,0,0,0,0,0,0,0,0,0,0,0,0,0,0,0,0,0,48,60,2163,1,0,0
2026-07-02T13:34:22.067Z,31.108,67.869,693,0,2,200,27.382,73.014,0,954.435,0,0,30.702,73.295,819,0,3,351,30.144,72.66,831,0,3,390,31.882,66.45,801,0,3,299,0,0,0,0,0,0,0,0,0,0,0,0,0,0,0,0,0,0,48,60,2128,1,0,0
2026-07-02T13:34:32.068Z,31.102,67.671,705,0,2,210,27.382,72.928,0,954.379,0,0,30.682,73.026,807,0,3,318,30.042,72.737,826,0,3,374,31.884,66.37,809,0,3,324,0,0,0,0,0,0,0,0,0,0,0,0,0,0,0,0,0,0,48,60,2150,1,0,0
2026-07-02T13:34:42.068Z,31.06,67.519,650,0,2,167,27.387,72.685,0,954.471,0,0,30.65,72.886,786,0,3,283,30.071,72.687,827,0,3,376,31.852,66.231,789,0,3,286,0,0,0,0,0,0,0,0,0,0,0,0,0,0,0,0,0,0,48,60,2139,1,0,0
2026-07-02T13:34:52.069Z,31.034,67.638,668,0,2,180,27.377,72.737,0,954.399,0,0,30.636,73.045,820,0,3,355,30.05,72.888,826,0,3,374,31.881,66.21,796,0,3,292,0,0,0,0,0,0,0,0,0,0,0,0,0,0,0,0,0,0,48,60,2123,1,0,0
2026-07-02T13:35:02.069Z,31.037,67.735,710,0,2,213,27.387,72.824,0,954.443,0,0,30.69,73.02,821,0,3,358,30.054,72.533,824,0,3,369,31.891,66.248,814,0,3,337,0,0,0,0,0,0,0,0,0,0,0,0,0,0,0,0,0,0,48,60,2149,1,0,0
2026-07-02T13:35:12.069Z,30.971,67.485,615,0,2,142,27.377,72.731,0,954.372,0,0,30.645,72.796,781,0,3,277,30.064,72.654,832,0,3,393,31.914,66.125,794,0,3,290,0,0,0,0,0,0,0,0,0,0,0,0,0,0,0,0,0,0,48,60,2130,1,0,0
2026-07-02T13:35:22.070Z,30.929,67.575,636,0,2,157,27.377,72.563,0,954.399,0,0,30.594,72.799,794,0,3,290,30.079,72.611,804,0,3,310,31.902,66.036,768,0,3,265,0,0,0,0,0,0,0,0,0,0,0,0,0,0,0,0,0,0,48,60,2135,1,0,0
2026-07-02T13:35:32.070Z,30.79,67.575,605,0,2,135,27.377,72.119,0,954.455,0,0,30.48,72.703,767,0,3,264,30.069,72.803,810,0,3,326,31.882,65.777,738,0,3,238,0,0,0,0,0,0,0,0,0,0,0,0,0,0,0,0,0,0,48,60,2128,1,0,0
2026-07-02T13:35:42.070Z,30.709,67.831,641,0,2,160,27.372,72.159,0,954.419,0,0,30.438,72.975,785,0,3,282,30.07,72.755,827,0,3,376,31.87,65.784,762,0,3,259,0,0,0,0,0,0,0,0,0,0,0,0,0,0,0,0,0,0,48,60,2147,1,0,0
2026-07-02T13:35:52.071Z,30.663,68.158,661,0,2,175,27.382,72.275,0,954.463,0,0,30.422,73.21,808,0,3,319,30.025,72.667,842,0,3,423,31.87,65.849,759,0,3,257,0,0,0,0,0,0,0,0,0,0,0,0,0,0,0,0,0,0,48,60,2128,1,0,0
2026-07-02T13:36:02.070Z,30.651,68.553,645,0,2,163,27.372,72.499,0,954.447,0,0,30.437,73.448,807,0,3,317,30.106,72.749,822,0,3,360,31.89,65.959,778,0,3,275,0,0,0,0,0,0,0,0,0,0,0,0,0,0,0,0,0,0,48,60,2138,1,0,0
2026-07-02T13:36:12.071Z,30.666,68.582,669,0,2,181,27.372,72.523,0,954.419,0,0,30.407,73.477,806,0,3,313,30.093,72.491,801,0,3,299,31.896,65.962,784,0,3,281,0,0,0,0,0,0,0,0,0,0,0,0,0,0,0,0,0,0,48,60,2161,1,0,0
2026-07-02T13:36:22.073Z,30.676,68.573,665,0,2,178,27.377,72.592,0,954.427,0,0,30.434,73.465,779,0,3,276,30.077,72.559,829,0,3,382,31.903,65.992,802,0,3,303,0,0,0,0,0,0,0,0,0,0,0,0,0,0,0,0,0,0,48,60,2208,1,0,0
2026-07-02T13:36:32.075Z,30.733,68.678,671,0,2,183,27.372,72.65,0,954.419,0,0,30.522,73.57,805,0,3,312,29.998,72.557,825,0,3,370,31.903,66.045,802,0,3,302,0,0,0,0,0,0,0,0,0,0,0,0,0,0,0,0,0,0,48,60,2123,1,0,0
2026-07-02T13:36:42.075Z,30.704,68.774,688,0,2,196,27.382,72.702,0,954.435,0,0,30.519,73.486,814,0,3,337,29.985,72.763,865,0,3,495,31.878,66.06,788,0,3,284,0,0,0,0,0,0,0,0,0,0,0,0,0,0,0,0,0,0,48,60,2118,1,0,0
2026-07-02T13:36:52.187Z,30.628,69.18,726,0,3,227,27.382,73.072,0,954.407,0,0,30.348,73.978,825,0,3,370,29.995,73.078,886,0,3,566,31.807,66.743,946,0,4,780,0,0,0,0,0,0,0,0,0,0,0,0,0,0,0,0,0,0,48,60,2146,1,0,0
2026-07-02T13:37:02.188Z,30.626,69.282,731,0,3,231,27.392,73.073,0,954.479,0,0,30.285,74.234,834,0,3,399,30.063,73.105,875,0,3,531,31.706,66.879,828,0,3,380,0,0,0,0,0,0,0,0,0,0,0,0,0,0,0,0,0,0,48,60,2111,1,0,0
2026-07-02T13:37:12.188Z,30.696,69.273,696,0,2,203,27.382,73.095,0,954.491,0,0,30.293,74.398,828,0,3,378,30.083,72.802,825,0,3,372,31.668,67.004,816,0,3,344,0,0,0,0,0,0,0,0,0,0,0,0,0,0,0,0,0,0,48,60,2144,1,0,0
2026-07-02T13:37:22.188Z,30.749,69.11,720,0,3,222,27.387,73.049,0,954.415,0,0,30.375,74.197,817,0,3,346,30.221,72.676,831,0,3,387,31.694,67.017,805,0,3,313,0,0,0,0,0,0,0,0,0,0,0,0,0,0,0,0,0,0,48,60,2087,1,0,0
2026-07-02T13:37:32.188Z,30.825,68.968,700,0,2,206,27.382,73.055,0,954.435,0,0,30.394,74.109,818,0,3,351,30.188,72.431,830,0,3,386,31.744,66.971,814,0,3,336,0,0,0,0,0,0,0,0,0,0,0,0,0,0,0,0,0,0,48,60,2151,1,0,0
2026-07-02T13:37:42.189Z,30.883,68.796,711,0,2,215,27.387,73.061,0,954.443,0,0,30.394,74.092,823,0,3,366,30.215,72.305,845,0,3,431,31.744,66.88,804,0,3,308,0,0,0,0,0,0,0,0,0,0,0,0,0,0,0,0,0,0,48,60,2150,1,0,0
2026-07-02T13:37:52.189Z,30.904,68.671,713,0,2,216,27.377,73.112,0,954.427,0,0,30.375,74.164,813,0,3,333,30.227,72.677,853,0,3,459,31.771,66.83,810,0,3,326,0,0,0,0,0,0,0,0,0,0,0,0,0,0,0,0,0,0,48,60,2157,1,0,0
2026-07-02T13:38:02.190Z,30.956,68.573,708,0,2,212,27.382,73.13,0,954.435,0,0,30.364,74.165,821,0,3,357,30.187,72.7,833,0,3,395,31.76,66.812,804,0,3,309,0,0,0,0,0,0,0,0,0,0,0,0,0,0,0,0,0,0,48,60,2151,1,0,0
2026-07-02T13:38:12.189Z,30.981,68.332,721,0,3,223,27.387,73.119,0,954.471,0,0,30.424,74.038,824,0,3,369,30.186,72.765,834,0,3,398,31.802,66.754,815,0,3,341,0,0,0,0,0,0,0,0,0,0,0,0,0,0,0,0,0,0,48,60,2118,1,0,0
2026-07-02T13:38:22.190Z,31.009,68.198,710,0,2,214,27.382,73.107,0,954.463,0,0,30.488,73.837,812,0,3,331,30.127,72.729,822,0,3,362,31.819,66.682,808,0,3,319,0,0,0,0,0,0,0,0,0,0,0,0,0,0,0,0,0,0,48,60,2155,1,0,0
2026-07-02T13:38:32.190Z,31.05,68.151,719,0,3,222,27.382,73.037,0,954.463,0,0,30.527,73.724,822,0,3,360,30.111,72.823,828,0,3,380,31.834,66.683,813,0,3,336,0,0,0,0,0,0,0,0,0,0,0,0,0,0,0,0,0,0,48,60,2128,1,0,0
2026-07-02T13:38:42.190Z,31.093,68.006,686,0,2,194,27.387,73.032,0,954.443,0,0,30.512,73.657,811,0,3,328,30.058,73.025,844,0,3,429,31.853,66.659,809,0,3,324,0,0,0,0,0,0,0,0,0,0,0,0,0,0,0,0,0,0,48,60,2155,1,0,0
2026-07-02T13:38:52.190Z,31.094,67.878,703,0,2,208,27.372,73.06,0,954.475,0,0,30.583,73.485,822,0,3,360,30.074,72.905,842,0,3,422,31.797,66.686,811,0,3,329,0,0,0,0,0,0,0,0,0,0,0,0,0,0,0,0,0,0,48,60,2153,1,0,0
2026-07-02T13:39:02.190Z,31.101,67.857,716,0,2,219,27.382,73.066,0,954.463,0,0,30.612,73.372,813,0,3,334,30.166,72.995,834,0,3,398,31.827,66.684,811,0,3,328,0,0,0,0,0,0,0,0,0,0,0,0,0,0,0,0,0,0,48,60,2125,1,0,0
2026-07-02T13:39:12.191Z,31.132,67.827,694,0,2,201,27.387,73.067,0,954.554,0,0,30.685,73.166,812,0,3,333,30.153,72.855,858,0,3,475,31.858,66.605,807,0,3,316,0,0,0,0,0,0,0,0,0,0,0,0,0,0,0,0,0,0,48,60,2127,1,0,0
2026-07-02T13:39:22.191Z,31.098,67.697,680,0,2,189,27.387,72.882,0,954.582,0,0,30.66,73.149,788,0,3,284,30.124,72.636,812,0,3,331,31.86,66.503,752,0,3,251,0,0,0,0,0,0,0,0,0,0,0,0,0,0,0,0,0,0,48,60,2142,1,0,0
2026-07-02T13:39:32.192Z,31.116,67.392,608,0,2,137,27.372,72.644,0,954.531,0,0,30.673,72.838,766,0,3,264,30.146,72.581,818,0,3,351,31.876,66.356,756,0,3,254,0,0,0,0,0,0,0,0,0,0,0,0,0,0,0,0,0,0,48,60,2128,1,0,0
2026-07-02T13:39:42.198Z,31.059,67.382,638,0,2,158,27.377,72.563,0,954.483,0,0,30.61,72.847,809,0,3,322,30.149,72.576,806,0,3,314,31.833,66.254,773,0,3,270,0,0,0,0,0,0,0,0,0,0,0,0,0,0,0,0,0,0,48,60,2128,1,0,0
2026-07-02T13:39:52.199Z,31.059,67.382,638,0,2,158,27.377,72.563,0,954.483,0,0,30.61,72.847,809,0,3,322,30.149,72.576,806,0,3,314,31.833,66.254,773,0,3,270,0,0,0,0,0,0,0,0,0,0,0,0,0,0,0,0,0,0,48,60,2128,1,0,0
2026-07-02T13:40:02.199Z,31.029,67.772,694,0,2,200,27.377,72.656,0,954.483,0,0,30.645,73.058,822,0,3,362,30.146,72.464,807,0,3,317,31.845,66.23,792,0,3,288,0,0,0,0,0,0,0,0,0,0,0,0,0,0,0,0,0,0,48,60,2121,1,0,0
2026-07-02T13:40:12.199Z,31.016,67.846,673,0,2,184,27.372,72.667,0,954.531,0,0,30.638,73.143,813,0,3,336,30.13,72.34,812,0,3,331,31.855,66.239,794,0,3,290,0,0,0,0,0,0,0,0,0,0,0,0,0,0,0,0,0,0,48,60,2153,1,0,0
2026-07-02T13:40:22.200Z,30.908,67.582,623,0,2,148,27.372,72.482,0,954.587,0,0,30.536,72.986,786,0,3,283,30.158,72.473,814,0,3,339,31.833,66.213,787,0,3,283,0,0,0,0,0,0,0,0,0,0,0,0,0,0,0,0,0,0,48,60,2149,1,0,0
2026-07-02T13:40:32.241Z,30.784,67.791,629,0,2,152,27.377,72.558,0,954.567,0,0,30.47,73.16,759,0,3,257,30.196,72.566,821,0,3,359,31.836,66.122,812,0,3,332,0,0,0,0,0,0,0,0,0,0,0,0,0,0,0,0,0,0,48,60,2140,1,0,0
2026-07-02T13:40:42.242Z,30.674,68.005,621,0,2,146,27.372,72.511,0,954.587,0,0,30.393,73.219,793,0,3,289,30.265,72.502,807,0,3,318,31.84,66.243,796,0,3,292,0,0,0,0,0,0,0,0,0,0,0,0,0,0,0,0,0,0,48,60,2129,1,0,0
2026-07-02T13:40:52.242Z,30.628,68.376,616,0,2,143,27.372,72.586,0,954.642,0,0,30.391,73.429,796,0,3,292,30.24,72.041,801,0,3,301,31.809,66.249,800,0,3,297,0,0,0,0,0,0,0,0,0,0,0,0,0,0,0,0,0,0,48,60,2158,1,0,0
2026-07-02T13:41:02.243Z,30.515,68.451,583,0,2,121,27.372,72.505,0,954.503,0,0,30.35,73.437,769,0,3,266,30.228,72.21,801,0,3,301,31.83,66.257,756,0,3,254,0,0,0,0,0,0,0,0,0,0,0,0,0,0,0,0,0,0,48,60,2132,1,0,0
2026-07-02T13:41:12.242Z,30.453,68.554,609,0,2,138,27.367,72.355,0,954.579,0,0,30.251,73.359,728,0,3,229,30.221,72.08,802,0,3,303,31.758,66.082,747,0,3,246,0,0,0,0,0,0,0,0,0,0,0,0,0,0,0,0,0,0,48,60,2149,1,0,0
2026-07-02T13:41:22.243Z,30.477,68.71,644,0,2,163,27.357,72.354,0,954.508,0,0,30.269,73.586,754,0,3,252,30.25,71.801,787,0,3,283,31.791,66.093,793,0,3,289,0,0,0,0,0,0,0,0,0,0,0,0,0,0,0,0,0,0,48,60,2144,1,0,0
2026-07-02T13:41:32.244Z,30.498,68.924,643,0,2,162,27.357,72.481,0,954.591,0,0,30.25,73.807,802,0,3,303,30.239,71.924,769,0,3,266,31.802,66.191,758,0,3,256,0,0,0,0,0,0,0,0,0,0,0,0,0,0,0,0,0,0,48,60,2120,1,0,0
2026-07-02T13:41:42.244Z,30.495,69.308,711,0,2,215,27.367,72.672,0,954.551,0,0,30.258,74.142,811,0,3,330,30.243,71.971,768,0,3,265,31.797,66.358,807,0,3,316,0,0,0,0,0,0,0,0,0,0,0,0,0,0,0,0,0,0,48,60,2155,1,0,0
2026-07-02T13:41:52.244Z,30.562,69.45,691,0,2,199,27.372,72.892,0,954.559,0,0,30.332,74.155,802,0,3,303,30.222,71.901,768,0,3,265,31.823,66.456,814,0,3,338,0,0,0,0,0,0,0,0,0,0,0,0,0,0,0,0,0,0,48,60,2146,1,0,0
2026-07-02T13:42:02.244Z,30.636,69.455,693,0,2,200,27.362,73.001,0,954.543,0,0,30.321,74.173,811,0,3,330,30.27,71.971,715,0,2,218,31.83,66.508,803,0,3,305,0,0,0,0,0,0,0,0,0,0,0,0,0,0,0,0,0,0,48,60,2119,1,0,0
2026-07-02T13:42:12.245Z,30.729,69.338,715,0,2,218,27.367,73.059,0,954.523,0,0,30.39,74.165,814,0,3,339,30.314,71.887,783,0,3,280,31.844,66.53,820,0,3,356,0,0,0,0,0,0,0,0,0,0,0,0,0,0,0,0,0,0,48,60,2148,1,0,0
2026-07-02T13:42:22.245Z,30.795,69.164,732,0,3,233,27.372,73.141,0,954.475,0,0,30.404,74.148,817,0,3,348,30.273,71.918,764,0,3,261,31.82,66.559,816,0,3,343,0,0,0,0,0,0,0,0,0,0,0,0,0,0,0,0,0,0,48,60,2148,1,0,0
2026-07-02T13:42:32.245Z,30.746,68.894,636,0,2,156,27.367,73.013,0,954.495,0,0,30.403,73.966,782,0,3,279,30.236,71.91,779,0,3,276,31.81,66.527,805,0,3,310,0,0,0,0,0,0,0,0,0,0,0,0,0,0,0,0,0,0,48,60,2154,1,0,0
2026-07-02T13:42:42.245Z,30.766,68.803,654,0,2,170,27.362,72.897,0,954.571,0,0,30.454,73.885,812,0,3,333,30.223,72.06,782,0,3,278,31.822,66.473,801,0,3,299,0,0,0,0,0,0,0,0,0,0,0,0,0,0,0,0,0,0,48,60,2146,1,0,0
2026-07-02T13:42:52.245Z,30.713,68.686,664,0,2,177,27.367,72.817,0,954.523,0,0,30.425,73.671,802,0,3,304,30.169,72.184,775,0,3,272,31.795,66.384,797,0,3,294,0,0,0,0,0,0,0,0,0,0,0,0,0,0,0,0,0,0,48,60,2150,1,0,0
2026-07-02T13:43:02.245Z,30.672,68.558,624,0,2,148,27.362,72.753,0,954.487,0,0,30.388,73.539,766,0,3,263,30.134,72.374,876,0,3,534,31.824,66.424,795,0,3,291,0,0,0,0,0,0,0,0,0,0,0,0,0,0,0,0,0,0,48,60,2141,1,0,0
2026-07-02T13:43:12.247Z,30.626,68.625,654,0,2,170,27.362,72.585,0,954.543,0,0,30.403,73.555,784,0,3,280,30.148,72.356,826,0,3,374,31.831,66.282,760,0,3,258,0,0,0,0,0,0,0,0,0,0,0,0,0,0,0,0,0,0,48,60,2144,1,0,0
2026-07-02T13:43:22.261Z,30.621,68.793,634,0,2,155,27.362,72.689,0,954.46,0,0,30.412,73.689,801,0,3,299,30.258,72.254,809,0,3,323,31.808,66.246,791,0,3,287,0,0,0,0,0,0,0,0,0,0,0,0,0,0,0,0,0,0,48,60,2114,1,0,0
2026-07-02T13:43:32.329Z,30.61,68.81,652,0,2,168,27.357,72.747,0,954.563,0,0,30.387,73.636,795,0,3,291,30.345,72.376,806,0,3,313,31.792,66.259,798,0,3,295,0,0,0,0,0,0,0,0,0,0,0,0,0,0,0,0,0,0,48,60,2128,1,0,0
2026-07-02T13:43:42.319Z,30.626,68.902,651,0,2,168,27.367,72.794,0,954.579,0,0,30.443,73.696,797,0,3,294,30.338,72.095,805,0,3,312,31.802,66.339,800,0,3,298,0,0,0,0,0,0,0,0,0,0,0,0,0,0,0,0,0,0,48,60,2153,1,0,0
2026-07-02T13:43:52.318Z,30.662,68.942,686,0,2,194,27.362,72.915,0,954.543,0,0,30.475,73.678,814,0,3,339,30.337,71.712,834,0,3,398,31.835,66.366,810,0,3,326,0,0,0,0,0,0,0,0,0,0,0,0,0,0,0,0,0,0,48,60,2167,1,0,0
2026-07-02T13:44:02.318Z,30.75,68.907,683,0,2,192,27.357,73.053,0,954.591,0,0,30.571,73.586,802,0,3,302,30.369,71.824,830,0,3,386,31.824,66.468,808,0,3,321,0,0,0,0,0,0,0,0,0,0,0,0,0,0,0,0,0,0,48,60,2162,1,0,0
2026-07-02T13:44:12.319Z,30.792,68.874,682,0,2,191,27.367,73.117,0,954.607,0,0,30.549,73.531,816,0,3,344,30.406,71.505,803,0,3,304,31.805,66.452,808,0,3,320,0,0,0,0,0,0,0,0,0,0,0,0,0,0,0,0,0,0,48,60,2113,1,0,0
2026-07-02T13:44:22.319Z,30.761,68.994,667,0,2,180,27.367,73.146,0,954.579,0,0,30.536,73.588,805,0,3,313,30.407,71.631,809,0,3,324,31.806,66.544,812,0,3,331,0,0,0,0,0,0,0,0,0,0,0,0,0,0,0,0,0,0,48,60,2163,1,0,0
2026-07-02T13:44:32.405Z,30.819,68.91,681,0,2,190,27.362,73.146,0,954.627,0,0,30.507,73.758,810,0,3,326,30.389,71.467,804,0,3,308,31.796,66.562,803,0,3,305,0,0,0,0,0,0,0,0,0,0,0,0,0,0,0,0,0,0,48,60,2133,1,0,0
2026-07-02T13:44:42.405Z,30.866,68.834,695,0,2,201,27.362,73.157,0,954.571,0,0,30.49,73.816,812,0,3,332,30.342,71.532,803,0,3,305,31.823,66.635,802,0,3,303,0,0,0,0,0,0,0,0,0,0,0,0,0,0,0,0,0,0,48,60,2113,1,0,0
2026-07-02T13:44:52.405Z,30.863,68.734,702,0,2,208,27.372,73.164,0,954.587,0,0,30.466,73.909,815,0,3,341,30.307,71.8,818,0,3,350,31.823,66.661,809,0,3,323,0,0,0,0,0,0,0,0,0,0,0,0,0,0,0,0,0,0,48,60,2128,1,0,0
2026-07-02T13:45:02.406Z,30.858,68.692,717,0,3,220,27.367,73.192,0,954.579,0,0,30.457,73.948,814,0,3,337,30.291,71.82,813,0,3,336,31.797,66.684,807,0,3,318,0,0,0,0,0,0,0,0,0,0,0,0,0,0,0,0,0,0,48,60,2147,1,0,0
2026-07-02T13:45:12.406Z,30.874,68.664,693,0,2,200,27.367,73.186,0,954.607,0,0,30.534,73.803,820,0,3,356,30.417,71.799,801,0,3,300,31.796,66.691,804,0,3,309,0,0,0,0,0,0,0,0,0,0,0,0,0,0,0,0,0,0,48,60,2082,1,0,0
2026-07-02T13:45:22.407Z,30.905,68.631,665,0,2,178,27.362,73.186,0,954.599,0,0,30.515,73.811,819,0,3,354,30.4,71.647,811,0,3,330,31.765,66.718,808,0,3,319,0,0,0,0,0,0,0,0,0,0,0,0,0,0,0,0,0,0,48,60,2128,1,0,0
2026-07-02T13:45:32.406Z,30.905,68.573,685,0,2,193,27.372,73.152,0,954.642,0,0,30.463,73.744,817,0,3,346,30.37,71.757,815,0,3,341,31.687,66.782,810,0,3,325,0,0,0,0,0,0,0,0,0,0,0,0,0,0,0,0,0,0,48,60,2138,1,0,0
2026-07-02T13:45:42.407Z,30.876,68.68,661,0,2,175,27.372,73.198,0,954.67,0,0,30.408,73.874,809,0,3,322,30.456,71.671,823,0,3,363,31.58,66.951,805,0,3,311,0,0,0,0,0,0,0,0,0,0,0,0,0,0,0,0,0,0,48,60,2129,1,0,0
2026-07-02T13:45:52.407Z,30.875,68.491,620,0,2,145,27.362,72.949,0,954.599,0,0,30.376,73.863,803,0,3,307,30.458,71.704,817,0,3,345,31.578,67.149,801,0,3,301,0,0,0,0,0,0,0,0,0,0,0,0,0,0,0,0,0,0,48,60,2103,1,0,0
2026-07-02T13:46:02.407Z,30.864,68.4,626,0,2,150,27.372,72.863,0,954.642,0,0,30.431,73.838,788,0,3,284,30.446,71.651,814,0,3,338,31.596,67.192,790,0,3,286,0,0,0,0,0,0,0,0,0,0,0,0,0,0,0,0,0,0,48,60,2154,1,0,0
2026-07-02T13:46:12.469Z,30.833,68.285,651,0,2,167,27.362,72.967,0,954.655,0,0,30.501,73.565,805,0,3,312,30.491,71.644,821,0,3,359,31.543,67.118,808,0,3,321,0,0,0,0,0,0,0,0,0,0,0,0,0,0,0,0,0,0,48,60,2155,1,0,0
2026-07-02T13:46:22.484Z,30.816,68.381,667,0,2,179,27.367,72.979,0,954.607,0,0,30.517,73.491,788,0,3,285,30.524,71.682,831,0,3,390,31.489,67.277,815,0,3,342,0,0,0,0,0,0,0,0,0,0,0,0,0,0,0,0,0,0,48,60,2130,1,0,0
2026-07-02T13:46:32.507Z,30.861,68.62,688,0,2,196,27.367,73.042,0,954.635,0,0,30.468,73.527,807,0,3,318,30.548,71.548,819,0,3,352,31.364,67.733,804,0,3,309,0,0,0,0,0,0,0,0,0,0,0,0,0,0,0,0,0,0,48,60,2144,1,0,0
2026-07-02T13:46:42.535Z,30.883,68.535,668,0,2,180,27.362,73.065,0,954.599,0,0,30.463,73.601,803,0,3,305,30.622,71.405,817,0,3,347,31.291,67.929,816,0,3,344,0,0,0,0,0,0,0,0,0,0,0,0,0,0,0,0,0,0,48,60,2135,1,0,0
2026-07-02T13:46:52.581Z,30.852,68.531,659,0,2,173,27.357,73.07,0,954.647,0,0,30.458,73.621,809,0,3,323,30.623,71.259,827,0,3,378,31.245,68.123,815,0,3,340,0,0,0,0,0,0,0,0,0,0,0,0,0,0,0,0,0,0,48,60,2145,1,0,0
2026-07-02T13:47:02.582Z,30.919,68.569,664,0,2,177,27.367,73.065,0,954.69,0,0,30.488,73.729,816,0,3,344,30.603,71.175,819,0,3,351,31.194,68.295,801,0,3,300,0,0,0,0,0,0,0,0,0,0,0,0,0,0,0,0,0,0,48,60,2149,1,0,0
2026-07-02T13:47:12.581Z,30.988,68.468,655,0,2,171,27.362,73.082,0,954.682,0,0,30.496,73.713,819,0,3,351,30.61,71.153,809,0,3,323,31.178,68.377,799,0,3,295,0,0,0,0,0,0,0,0,0,0,0,0,0,0,0,0,0,0,48,60,2152,1,0,0
2026-07-02T13:47:22.583Z,30.955,68.436,684,0,2,193,27.362,73.099,0,954.627,0,0,30.509,73.732,815,0,3,339,30.631,71.151,808,0,3,321,31.161,68.46,829,0,3,384,0,0,0,0,0,0,0,0,0,0,0,0,0,0,0,0,0,0,48,60,2142,1,0,0
2026-07-02T13:47:32.582Z,30.982,68.515,680,0,2,190,27.362,73.192,0,954.627,0,0,30.482,73.669,818,0,3,349,30.667,71.252,823,0,3,364,31.154,68.524,805,0,3,311,0,0,0,0,0,0,0,0,0,0,0,0,0,0,0,0,0,0,48,60,2151,1,0,0
2026-07-02T13:47:42.583Z,30.953,68.471,694,0,2,201,27.367,73.227,0,954.662,0,0,30.483,73.766,819,0,3,352,30.652,71.204,827,0,3,377,31.133,68.667,817,0,3,348,0,0,0,0,0,0,0,0,0,0,0,0,0,0,0,0,0,0,48,60,2121,1,0,0
2026-07-02T13:47:52.583Z,30.942,68.516,691,0,2,198,27.372,73.36,0,954.642,0,0,30.444,73.868,816,0,3,344,30.712,71.321,863,0,3,489,31.118,68.765,817,0,3,346,0,0,0,0,0,0,0,0,0,0,0,0,0,0,0,0,0,0,48,60,2130,1,0,0
2026-07-02T13:48:02.583Z,30.912,68.541,692,0,2,199,27.372,73.256,0,954.698,0,0,30.439,73.934,815,0,3,341,30.704,71.195,833,0,3,394,31.096,68.857,845,0,3,431,0,0,0,0,0,0,0,0,0,0,0,0,0,0,0,0,0,0,48,60,2137,1,0,0
2026-07-02T13:48:12.584Z,30.916,68.819,685,0,2,194,27.367,73.273,0,954.635,0,0,30.426,73.985,817,0,3,346,30.696,71.183,831,0,3,389,31.104,68.809,820,0,3,355,0,0,0,0,0,0,0,0,0,0,0,0,0,0,0,0,0,0,48,60,2167,1,0,0
2026-07-02T13:48:22.584Z,30.919,68.675,666,0,2,179,27.367,73.238,0,954.635,0,0,30.393,74.076,808,0,3,319,30.704,71.16,835,0,3,402,31.086,68.88,804,0,3,308,0,0,0,0,0,0,0,0,0,0,0,0,0,0,0,0,0,0,48,60,2122,1,0,0
2026-07-02T13:48:32.586Z,30.841,68.441,661,0,2,175,27.362,73.157,0,954.627,0,0,30.436,73.805,810,0,3,326,30.741,71.245,834,0,3,396,31.144,68.852,802,0,3,302,0,0,0,0,0,0,0,0,0,0,0,0,0,0,0,0,0,0,48,60,2163,1,0,0
2026-07-02T13:48:42.668Z,30.838,68.456,647,0,2,165,27.372,73.141,0,954.615,0,0,30.498,73.632,806,0,3,313,30.737,71.126,818,0,3,348,31.243,68.625,781,0,3,277,0,0,0,0,0,0,0,0,0,0,0,0,0,0,0,0,0,0,48,60,2130,1,0,0
2026-07-02T13:48:52.668Z,30.8,68.561,662,0,2,176,27.377,73.158,0,954.678,0,0,30.441,73.655,806,0,3,313,30.769,70.991,815,0,3,340,31.326,68.373,807,0,3,319,0,0,0,0,0,0,0,0,0,0,0,0,0,0,0,0,0,0,48,60,2128,1,0,0
2026-07-02T13:49:02.668Z,30.867,68.687,685,0,2,193,27.377,73.152,0,954.678,0,0,30.456,73.873,821,0,3,359,30.72,70.96,814,0,3,337,31.261,68.404,846,0,3,437,0,0,0,0,0,0,0,0,0,0,0,0,0,0,0,0,0,0,48,60,2131,1,0,0
2026-07-02T13:49:12.669Z,30.884,68.575,648,0,2,165,27.357,73.082,0,954.619,0,0,30.482,73.822,798,0,3,294,30.72,70.889,806,0,3,316,31.283,68.463,812,0,3,332,0,0,0,0,0,0,0,0,0,0,0,0,0,0,0,0,0,0,48,60,2157,1,0,0
2026-07-02T13:49:22.669Z,30.922,68.408,666,0,2,178,27.372,73.054,0,954.642,0,0,30.541,73.619,808,0,3,319,30.736,70.923,813,0,3,333,31.252,68.35,819,0,3,352,0,0,0,0,0,0,0,0,0,0,0,0,0,0,0,0,0,0,48,60,2127,1,0,0
2026-07-02T13:49:32.671Z,30.896,68.362,666,0,2,179,27.367,73.071,0,954.69,0,0,30.573,73.456,805,0,3,313,30.754,70.923,821,0,3,358,31.305,68.336,814,0,3,336,0,0,0,0,0,0,0,0,0,0,0,0,0,0,0,0,0,0,48,60,2134,1,0,0
2026-07-02T13:49:42.670Z,30.883,68.347,683,0,2,192,27.367,73.129,0,954.607,0,0,30.576,73.407,809,0,3,323,30.795,70.953,814,0,3,339,31.324,68.199,802,0,3,304,0,0,0,0,0,0,0,0,0,0,0,0,0,0,0,0,0,0,48,60,2160,1,0,0
2026-07-02T13:49:52.670Z,30.897,68.236,626,0,2,149,27.367,73.048,0,954.69,0,0,30.641,73.213,801,0,3,299,30.691,71.057,817,0,3,347,31.309,67.996,784,0,3,281,0,0,0,0,0,0,0,0,0,0,0,0,0,0,0,0,0,0,48,60,2128,1,0,0
2026-07-02T13:50:02.759Z,30.869,68.245,643,0,2,162,27.372,72.956,0,954.67,0,0,30.682,73.143,809,0,3,324,30.724,71.087,842,0,3,423,31.346,67.976,799,0,3,295,0,0,0,0,0,0,0,0,0,0,0,0,0,0,0,0,0,0,48,60,2149,1,0,0
2026-07-02T13:50:12.759Z,30.874,68.373,676,0,2,187,27.367,72.996,0,954.635,0,0,30.65,73.146,814,0,3,338,30.716,71.355,833,0,3,395,31.384,67.986,799,0,3,295,0,0,0,0,0,0,0,0,0,0,0,0,0,0,0,0,0,0,48,60,2149,1,0,0
2026-07-02T13:50:22.759Z,30.946,68.465,691,0,2,198,27.372,73.077,0,954.698,0,0,30.579,73.458,816,0,3,343,30.622,70.926,802,0,3,303,31.382,67.967,795,0,3,291,0,0,0,0,0,0,0,0,0,0,0,0,0,0,0,0,0,0,48,60,2141,1,0,0
2026-07-02T13:50:32.760Z,30.983,68.437,692,0,2,199,27.382,73.13,0,954.658,0,0,30.571,73.474,818,0,3,349,30.658,71.074,943,0,4,771,31.359,68.06,812,0,3,331,0,0,0,0,0,0,0,0,0,0,0,0,0,0,0,0,0,0,48,60,2118,1,0,0
2026-07-02T13:50:42.760Z,30.978,68.252,660,0,2,175,27.362,73.128,0,954.682,0,0,30.592,73.348,817,0,3,346,30.583,71.22,809,0,3,323,31.406,68.018,807,0,3,319,0,0,0,0,0,0,0,0,0,0,0,0,0,0,0,0,0,0,48,60,2132,1,0,0
2026-07-02T13:50:52.760Z,31.033,68.252,678,0,2,188,27.382,73.13,0,954.658,0,0,30.552,73.427,809,0,3,322,30.488,71.101,803,0,3,306,31.445,67.907,808,0,3,319,0,0,0,0,0,0,0,0,0,0,0,0,0,0,0,0,0,0,48,60,2146,1,0,0
2026-07-02T13:51:02.773Z,31.071,68.177,700,0,2,206,27.372,73.169,0,954.67,0,0,30.579,73.539,824,0,3,366,30.478,71.422,803,0,3,306,31.495,67.779,805,0,3,312,0,0,0,0,0,0,0,0,0,0,0,0,0,0,0,0,0,0,48,60,2142,1,0,0
2026-07-02T13:51:12.773Z,31.125,68.049,688,0,2,196,27.372,73.204,0,954.698,0,0,30.654,73.464,812,0,3,330,30.485,71.529,811,0,3,330,31.526,67.767,812,0,3,332,0,0,0,0,0,0,0,0,0,0,0,0,0,0,0,0,0,0,48,60,2135,1,0,0
2026-07-02T13:51:22.774Z,31.184,67.872,668,0,2,181,27.377,73.239,0,954.65,0,0,30.653,73.32,816,0,3,344,30.525,71.548,801,0,3,300,31.599,67.627,811,0,3,329,0,0,0,0,0,0,0,0,0,0,0,0,0,0,0,0,0,0,48,60,2177,1,0,0
2026-07-02T13:51:32.774Z,31.179,67.856,706,0,2,210,27.372,73.239,0,954.754,0,0,30.641,73.331,808,0,3,319,30.535,71.517,815,0,3,339,31.632,67.538,811,0,3,329,0,0,0,0,0,0,0,0,0,0,0,0,0,0,0,0,0,0,48,60,2171,1,0,0
2026-07-02T13:51:42.774Z,31.195,67.888,675,0,2,186,27.367,73.285,0,954.69,0,0,30.705,73.33,819,0,3,353,30.536,71.293,796,0,3,292,31.601,67.407,816,0,3,344,0,0,0,0,0,0,0,0,0,0,0,0,0,0,0,0,0,0,48,60,2113,1,0,0
2026-07-02T13:51:52.775Z,31.131,67.915,697,0,2,203,27.372,73.256,0,954.67,0,0,30.698,73.236,811,0,3,330,30.533,71.432,807,0,3,317,31.647,67.388,810,0,3,327,0,0,0,0,0,0,0,0,0,0,0,0,0,0,0,0,0,0,48,60,2130,1,0,0
2026-07-02T13:52:02.776Z,31.093,67.982,696,0,2,203,27.382,73.303,0,954.658,0,0,30.779,73.144,819,0,3,353,30.48,71.663,801,0,3,299,31.671,67.309,795,0,3,291,0,0,0,0,0,0,0,0,0,0,0,0,0,0,0,0,0,0,48,60,2145,1,0,0
2026-07-02T13:52:12.775Z,31.089,68.072,683,0,2,192,27.382,73.338,0,954.63,0,0,30.713,73.224,814,0,3,339,30.497,71.823,801,0,3,301,31.689,67.219,792,0,3,289,0,0,0,0,0,0,0,0,0,0,0,0,0,0,0,0,0,0,48,60,2186,1,0,0
2026-07-02T13:52:22.776Z,31.144,68.055,682,0,2,191,27.382,73.332,0,954.658,0,0,30.775,73.132,813,0,3,334,30.223,71.897,768,0,3,266,31.739,67.168,808,0,3,320,0,0,0,0,0,0,0,0,0,0,0,0,0,0,0,0,0,0,48,60,2147,1,0,0
2026-07-02T13:52:32.777Z,31.166,67.893,683,0,2,192,27.372,73.181,0,954.642,0,0,30.806,72.968,809,0,3,323,30.227,72.137,786,0,3,282,31.748,67.132,798,0,3,294,0,0,0,0,0,0,0,0,0,0,0,0,0,0,0,0,0,0,48,60,2022,1,0,0
2026-07-02T13:52:42.776Z,31.167,67.811,640,0,2,159,27.377,73.216,0,954.678,0,0,30.856,72.733,808,0,3,321,30.264,72.344,799,0,3,296,31.767,67.001,797,0,3,293,0,0,0,0,0,0,0,0,0,0,0,0,0,0,0,0,0,0,48,60,2137,1,0,0
2026-07-02T13:52:52.776Z,31.121,67.569,584,0,2,122,27.382,73.182,0,954.686,0,0,30.834,72.579,752,0,3,251,30.301,72.401,788,0,3,284,31.786,66.935,809,0,3,324,0,0,0,0,0,0,0,0,0,0,0,0,0,0,0,0,0,0,48,60,2155,1,0,0
2026-07-02T13:53:02.777Z,31.103,67.517,605,0,2,135,27.377,73.106,0,954.622,0,0,30.808,72.522,796,0,3,293,30.33,72.348,785,0,3,281,31.78,66.852,782,0,3,278,0,0,0,0,0,0,0,0,0,0,0,0,0,0,0,0,0,0,48,60,2133,1,0,0
2026-07-02T13:53:12.777Z,31.069,67.744,645,0,2,163,27.377,73.129,0,954.65,0,0,30.787,72.712,798,0,3,294,30.375,72.29,766,0,3,263,31.772,66.77,792,0,3,288,0,0,0,0,0,0,0,0,0,0,0,0,0,0,0,0,0,0,48,60,2144,1,0,0
2026-07-02T13:53:22.778Z,30.972,67.712,560,0,2,106,27.362,72.712,0,954.655,0,0,30.636,72.613,733,0,3,234,30.263,72.093,768,0,3,266,31.786,66.73,698,0,2,204,0,0,0,0,0,0,0,0,0,0,0,0,0,0,0,0,0,0,48,60,2160,1,0,0
2026-07-02T13:53:32.778Z,30.862,67.838,575,0,2,116,27.357,72.724,0,954.619,0,0,30.564,72.815,760,0,3,258,30.255,72.051,785,0,3,282,31.774,66.662,731,0,3,232,0,0,0,0,0,0,0,0,0,0,0,0,0,0,0,0,0,0,48,60,2129,1,0,0
2026-07-02T13:53:42.777Z,30.848,67.984,587,0,2,124,27.352,72.51,0,954.667,0,0,30.545,72.941,759,0,3,257,30.23,72.052,775,0,3,272,31.784,66.486,703,0,2,208,0,0,0,0,0,0,0,0,0,0,0,0,0,0,0,0,0,0,48,60,2161,1,0,0
2026-07-02T13:53:52.778Z,30.783,68.111,578,0,2,118,27.352,72.666,0,954.667,0,0,30.513,73.097,787,0,3,283,30.216,72.002,773,0,3,270,31.789,66.484,782,0,3,278,0,0,0,0,0,0,0,0,0,0,0,0,0,0,0,0,0,0,48,60,2160,1,0,0
2026-07-02T13:54:02.779Z,30.736,68.168,576,0,2,117,27.362,72.776,0,954.627,0,0,30.496,73.12,736,0,3,236,30.219,72.066,767,0,3,264,31.787,66.489,787,0,3,284,0,0,0,0,0,0,0,0,0,0,0,0,0,0,0,0,0,0,48,60,2149,1,0,0
2026-07-02T13:54:12.779Z,30.726,68.381,634,0,2,155,27.362,72.851,0,954.71,0,0,30.5,73.338,780,0,3,277,30.203,71.972,747,0,3,245,31.784,66.477,774,0,3,271,0,0,0,0,0,0,0,0,0,0,0,0,0,0,0,0,0,0,48,60,2160,1,0,0
2026-07-02T13:54:22.779Z,30.71,68.418,630,0,2,152,27.357,72.753,0,954.675,0,0,30.49,73.274,770,0,3,267,30.243,72.101,756,0,3,254,31.785,66.471,744,0,3,244,0,0,0,0,0,0,0,0,0,0,0,0,0,0,0,0,0,0,48,60,2159,1,0,0
2026-07-02T13:54:32.779Z,30.696,68.558,602,0,2,133,27.352,72.879,0,954.611,0,0,30.491,73.356,773,0,3,270,30.233,71.859,753,0,3,252,31.768,66.473,733,0,3,233,0,0,0,0,0,0,0,0,0,0,0,0,0,0,0,0,0,0,48,60,2157,1,0,0
2026-07-02T13:54:42.780Z,30.716,68.641,633,0,2,154,27.362,72.92,0,954.682,0,0,30.516,73.299,782,0,3,278,30.226,72.126,761,0,3,258,31.777,66.513,785,0,3,282,0,0,0,0,0,0,0,0,0,0,0,0,0,0,0,0,0,0,48,60,2185,1,0,0
2026-07-02T13:54:52.779Z,30.739,68.72,611,0,2,139,27.347,72.977,0,954.631,0,0,30.51,73.397,789,0,3,285,30.225,71.815,749,0,3,248,31.757,66.563,773,0,3,270,0,0,0,0,0,0,0,0,0,0,0,0,0,0,0,0,0,0,48,60,2145,1,0,0
2026-07-02T13:55:02.839Z,30.782,68.785,630,0,2,152,27.347,72.989,0,954.631,0,0,30.485,73.525,787,0,3,284,30.246,72.031,734,0,3,234,31.764,66.559,773,0,3,269,0,0,0,0,0,0,0,0,0,0,0,0,0,0,0,0,0,0,48,60,2138,1,0,0
2026-07-02T13:55:12.839Z,30.781,68.638,624,0,2,148,27.347,73.058,0,954.659,0,0,30.566,73.394,786,0,3,283,30.232,71.947,730,0,3,231,31.769,66.595,756,0,3,254,0,0,0,0,0,0,0,0,0,0,0,0,0,0,0,0,0,0,48,60,2122,1,0,0
2026-07-02T13:55:23.005Z,30.822,68.634,627,0,2,150,27.352,72.96,0,954.639,0,0,30.502,73.301,767,0,3,264,30.192,71.885,743,0,3,242,31.707,66.63,763,0,3,260,0,0,0,0,0,0,0,0,0,0,0,0,0,0,0,0,0,0,48,60,2163,1,0,0
2026-07-02T13:55:33.005Z,30.77,68.206,569,0,2,112,27.342,72.607,0,954.651,0,0,30.437,73.173,740,0,3,240,30.184,71.975,751,0,3,249,31.712,66.445,704,0,2,209,0,0,0,0,0,0,0,0,0,0,0,0,0,0,0,0,0,0,48,60,2123,1,0,0
2026-07-02T13:55:43.005Z,30.767,68.282,583,0,2,121,27.337,72.624,0,954.643,0,0,30.425,73.272,749,0,3,248,30.19,72.072,737,0,3,237,31.722,66.443,736,0,3,237,0,0,0,0,0,0,0,0,0,0,0,0,0,0,0,0,0,0,48,60,2120,1,0,0
2026-07-02T13:55:53.006Z,30.778,68.297,591,0,2,126,27.332,72.618,0,954.663,0,0,30.411,73.365,763,0,3,260,30.165,71.958,696,0,2,203,31.723,66.493,742,0,3,241,0,0,0,0,0,0,0,0,0,0,0,0,0,0,0,0,0,0,48,60,2147,1,0,0
2026-07-02T13:56:03.006Z,30.758,68.341,600,0,2,132,27.332,72.635,0,954.636,0,0,30.433,73.389,760,0,3,258,30.154,72.005,732,0,3,232,31.725,66.391,739,0,3,239,0,0,0,0,0,0,0,0,0,0,0,0,0,0,0,0,0,0,48,60,2187,1,0,0
2026-07-02T13:56:13.005Z,30.704,68.276,533,0,2,91,27.337,72.705,0,954.671,0,0,30.376,73.208,706,0,2,211,30.119,72.043,732,0,3,233,31.691,66.409,722,0,3,224,0,0,0,0,0,0,0,0,0,0,0,0,0,0,0,0,0,0,48,60,2193,1,0,0
2026-07-02T13:56:23.007Z,30.673,68.292,537,0,2,93,27.332,72.485,0,954.663,0,0,30.359,73.275,707,0,2,212,30.073,72.113,713,0,2,216,31.708,66.416,715,0,2,218,0,0,0,0,0,0,0,0,0,0,0,0,0,0,0,0,0,0,48,60,2095,1,0,0
2026-07-02T13:56:33.007Z,30.555,68.303,569,0,2,112,27.327,72.34,0,954.656,0,0,30.315,73.28,733,0,3,234,30.044,72.239,722,0,3,224,31.686,66.313,696,0,2,202,0,0,0,0,0,0,0,0,0,0,0,0,0,0,0,0,0,0,48,60,2150,1,0,0
2026-07-02T13:56:43.007Z,30.54,68.393,547,0,2,99,27.317,72.444,0,954.668,0,0,30.278,73.346,724,0,3,225,30.025,72.419,721,0,3,223,31.683,66.271,714,0,2,217,0,0,0,0,0,0,0,0,0,0,0,0,0,0,0,0,0,0,48,60,2155,1,0,0
2026-07-02T13:56:53.008Z,30.515,68.53,538,0,2,93,27.327,72.479,0,954.711,0,0,30.265,73.529,735,0,3,236,30.066,72.478,707,0,2,211,31.671,66.33,725,0,3,226,0,0,0,0,0,0,0,0,0,0,0,0,0,0,0,0,0,0,48,60,2147,1,0,0
2026-07-02T13:57:03.008Z,30.555,68.713,584,0,2,122,27.322,72.611,0,954.676,0,0,30.329,73.458,731,0,3,232,30.05,72.242,709,0,2,213,31.672,66.446,716,0,2,219,0,0,0,0,0,0,0,0,0,0,0,0,0,0,0,0,0,0,48,60,2157,1,0,0
2026-07-02T13:57:13.008Z,30.579,68.77,588,0,2,124,27.317,72.704,0,954.724,0,0,30.386,73.471,748,0,3,247,30.029,72.426,727,0,3,228,31.671,66.463,745,0,3,244,0,0,0,0,0,0,0,0,0,0,0,0,0,0,0,0,0,0,48,60,2143,1,0,0
2026-07-02T13:57:23.008Z,30.609,68.77,588,0,2,124,27.311,72.593,0,954.716,0,0,30.339,73.406,727,0,3,228,29.95,72.203,685,0,2,193,31.666,66.463,719,0,3,221,0,0,0,0,0,0,0,0,0,0,0,0,0,0,0,0,0,0,48,60,2181,1,0,0
2026-07-02T13:57:33.008Z,30.593,68.745,606,0,2,136,27.311,72.617,0,954.716,0,0,30.378,73.378,742,0,3,241,29.927,72.32,672,0,2,183,31.654,66.451,710,0,2,214,0,0,0,0,0,0,0,0,0,0,0,0,0,0,0,0,0,0,48,60,2143,1,0,0
2026-07-02T13:57:43.008Z,30.619,68.679,580,0,2,119,27.301,72.702,0,954.7,0,0,30.38,73.396,741,0,3,240,29.936,72.604,680,0,2,190,31.634,66.481,709,0,2,213,0,0,0,0,0,0,0,0,0,0,0,0,0,0,0,0,0,0,48,60,2119,1,0,0
2026-07-02T13:57:53.008Z,30.637,68.524,571,0,2,114,27.306,72.61,0,954.68,0,0,30.365,73.333,733,0,3,234,29.957,72.663,703,0,2,208,31.667,66.451,719,0,3,222,0,0,0,0,0,0,0,0,0,0,0,0,0,0,0,0,0,0,48,60,2171,1,0,0
2026-07-02T13:58:03.009Z,30.597,68.643,590,0,2,125,27.306,72.714,0,954.68,0,0,30.418,73.265,742,0,3,241,29.968,72.601,703,0,2,208,31.652,66.508,756,0,3,254,0,0,0,0,0,0,0,0,0,0,0,0,0,0,0,0,0,0,48,60,2159,1,0,0
2026-07-02T13:58:13.009Z,30.582,68.663,571,0,2,113,27.317,72.836,0,954.724,0,0,30.371,73.321,738,0,3,238,29.957,72.501,708,0,2,213,31.65,66.588,737,0,3,237,0,0,0,0,0,0,0,0,0,0,0,0,0,0,0,0,0,0,48,60,2173,1,0,0
2026-07-02T13:58:23.009Z,30.588,68.688,574,0,2,115,27.306,72.841,0,954.792,0,0,30.311,73.501,757,0,3,255,29.921,72.466,689,0,2,197,31.668,66.609,721,0,3,223,0,0,0,0,0,0,0,0,0,0,0,0,0,0,0,0,0,0,48,60,2149,1,0,0
2026-07-02T13:58:33.010Z,30.64,68.567,574,0,2,115,27.306,72.766,0,954.764,0,0,30.293,73.517,713,0,2,216,29.905,72.582,702,0,2,207,31.644,66.563,728,0,3,229,0,0,0,0,0,0,0,0,0,0,0,0,0,0,0,0,0,0,48,60,2126,1,0,0
2026-07-02T13:58:43.010Z,30.648,68.518,592,0,2,126,27.301,72.754,0,954.728,0,0,30.362,73.49,755,0,3,253,29.866,72.645,693,0,2,200,31.608,66.541,740,0,3,240,0,0,0,0,0,0,0,0,0,0,0,0,0,0,0,0,0,0,48,60,2150,1,0,0
2026-07-02T13:58:53.010Z,30.692,68.632,609,0,2,138,27.311,72.824,0,954.688,0,0,30.347,73.531,761,0,3,259,29.87,72.732,705,0,2,209,31.641,66.544,750,0,3,249,0,0,0,0,0,0,0,0,0,0,0,0,0,0,0,0,0,0,48,60,2162,1,0,0
2026-07-02T13:59:03.011Z,30.705,68.758,607,0,2,136,27.301,72.933,0,954.756,0,0,30.363,73.64,768,0,3,265,29.862,72.777,695,0,2,202,31.664,66.573,742,0,3,241,0,0,0,0,0,0,0,0,0,0,0,0,0,0,0,0,0,0,48,60,2095,1,0,0
2026-07-02T13:59:13.010Z,30.738,68.829,582,0,2,120,27.306,72.951,0,954.764,0,0,30.406,73.664,766,0,3,263,29.886,72.805,724,0,3,225,31.67,66.603,752,0,3,251,0,0,0,0,0,0,0,0,0,0,0,0,0,0,0,0,0,0,48,60,2142,1,0,0
2026-07-02T13:59:23.011Z,30.747,68.705,580,0,2,119,27.311,72.992,0,954.771,0,0,30.329,73.646,745,0,3,244,29.929,72.81,702,0,2,207,31.668,66.633,745,0,3,244,0,0,0,0,0,0,0,0,0,0,0,0,0,0,0,0,0,0,48,60,2147,1,0,0
2026-07-02T13:59:33.074Z,30.745,68.694,582,0,2,120,27.311,73.032,0,954.744,0,0,30.363,73.701,755,0,3,253,29.954,72.679,696,0,2,202,31.652,66.67,736,0,3,236,0,0,0,0,0,0,0,0,0,0,0,0,0,0,0,0,0,0,48,60,2077,1,0,0
2026-07-02T13:59:43.141Z,30.757,68.692,572,0,2,114,27.301,73.02,0,954.672,0,0,30.37,73.699,740,0,3,239,29.957,72.499,698,0,2,204,31.637,66.673,744,0,3,243,0,0,0,0,0,0,0,0,0,0,0,0,0,0,0,0,0,0,48,60,2143,1,0,0
2026-07-02T13:59:53.188Z,30.748,68.418,562,0,2,108,27.301,72.604,0,954.784,0,0,30.317,73.523,724,0,3,225,29.88,72.453,709,0,2,213,31.652,66.627,672,0,2,183,0,0,0,0,0,0,0,0,0,0,0,0,0,0,0,0,0,0,48,60,2148,1,0,0
2026-07-02T14:00:03.254Z,30.777,68.325,553,0,2,102,27.301,72.558,0,954.756,0,0,30.344,73.527,704,0,2,209,29.877,72.677,709,0,2,213,31.639,66.449,712,0,2,216,0,0,0,0,0,0,0,0,0,0,0,0,0,0,0,0,0,0,48,60,2123,1,0,0
2026-07-02T14:00:13.320Z,30.729,68.328,569,0,2,112,27.296,72.552,0,954.72,0,0,30.322,73.546,713,0,2,217,29.881,72.734,692,0,2,199,31.661,66.396,711,0,2,215,0,0,0,0,0,0,0,0,0,0,0,0,0,0,0,0,0,0,48,60,2101,1,0,0
2026-07-02T14:00:23.403Z,30.678,68.365,554,0,2,103,27.296,72.616,0,954.72,0,0,30.346,73.545,695,0,2,202,29.846,72.793,705,0,2,210,31.662,66.4,712,0,2,215,0,0,0,0,0,0,0,0,0,0,0,0,0,0,0,0,0,0,48,60,2147,1,0,0
2026-07-02T14:00:33.467Z,30.71,68.49,578,0,2,118,27.291,72.708,0,954.712,0,0,30.387,73.555,723,0,3,225,29.825,72.763,662,0,2,175,31.653,66.434,739,0,3,239,0,0,0,0,0,0,0,0,0,0,0,0,0,0,0,0,0,0,48,60,2159,1,0,0
2026-07-02T14:00:43.549Z,30.693,68.619,549,0,2,100,27.301,72.754,0,954.784,0,0,30.406,73.616,740,0,3,239,29.853,72.752,684,0,2,193,31.667,66.452,745,0,3,244,0,0,0,0,0,0,0,0,0,0,0,0,0,0,0,0,0,0,48,60,2176,1,0,0
2026-07-02T14:00:53.615Z,30.709,68.662,573,0,2,115,27.306,72.841,0,954.736,0,0,30.43,73.522,758,0,3,256,29.848,72.768,696,0,2,202,31.637,66.525,742,0,3,242,0,0,0,0,0,0,0,0,0,0,0,0,0,0,0,0,0,0,48,60,2145,1,0,0
2026-07-02T14:01:03.624Z,30.69,68.647,594,0,2,128,27.296,72.933,0,954.804,0,0,30.458,73.406,733,0,3,234,29.85,72.669,677,0,2,187,31.645,66.606,752,0,3,251,0,0,0,0,0,0,0,0,0,0,0,0,0,0,0,0,0,0,48,60,2144,1,0,0
2026-07-02T14:01:13.624Z,30.721,68.692,574,0,2,115,27.291,73.014,0,954.768,0,0,30.414,73.433,746,0,3,245,29.795,72.963,700,0,2,206,31.518,66.719,745,0,3,244,0,0,0,0,0,0,0,0,0,0,0,0,0,0,0,0,0,0,48,60,2134,1,0,0
2026-07-02T14:01:23.625Z,30.793,68.732,571,0,2,113,27.291,73.06,0,954.768,0,0,30.391,73.57,770,0,3,267,29.775,73.152,719,0,3,221,31.392,67.033,738,0,3,237,0,0,0,0,0,0,0,0,0,0,0,0,0,0,0,0,0,0,48,60,2157,1,0,0
2026-07-02T14:01:33.625Z,30.8,68.361,507,0,2,76,27.281,72.834,0,954.697,0,0,30.36,73.387,678,0,2,188,29.866,73.073,712,0,2,215,31.411,67.151,697,0,2,203,0,0,0,0,0,0,0,0,0,0,0,0,0,0,0,0,0,0,48,60,2132,1,0,0
2026-07-02T14:01:43.626Z,30.781,68.148,529,0,2,88,27.281,72.666,0,954.725,0,0,30.399,73.246,715,0,2,218,29.877,73.04,669,0,2,181,31.451,67.134,696,0,2,202,0,0,0,0,0,0,0,0,0,0,0,0,0,0,0,0,0,0,48,60,2129,1,0,0
2026-07-02T14:01:53.626Z,30.762,68.085,538,0,2,94,27.286,72.69,0,954.705,0,0,30.407,73.262,708,0,2,212,29.877,72.998,677,0,2,187,31.467,67.025,674,0,2,185,0,0,0,0,0,0,0,0,0,0,0,0,0,0,0,0,0,0,48,60,2142,1,0,0
2026-07-02T14:02:03.626Z,30.727,68.18,524,0,2,85,27.266,72.74,0,954.729,0,0,30.378,73.324,725,0,3,226,30.014,72.753,680,0,2,190,31.527,66.94,736,0,3,236,0,0,0,0,0,0,0,0,0,0,0,0,0,0,0,0,0,0,48,60,2086,1,0,0
2026-07-02T14:02:13.626Z,30.694,68.206,524,0,2,85,27.286,72.73,0,954.788,0,0,30.352,73.272,666,0,2,179,30.065,72.717,702,0,2,207,31.528,66.894,701,0,2,207,0,0,0,0,0,0,0,0,0,0,0,0,0,0,0,0,0,0,48,60,2146,1,0,0
2026-07-02T14:02:23.626Z,30.686,68.32,515,0,2,80,27.271,72.654,0,954.765,0,0,30.355,73.351,668,0,2,180,30.1,72.499,684,0,2,193,31.553,66.847,708,0,2,212,0,0,0,0,0,0,0,0,0,0,0,0,0,0,0,0,0,0,48,60,2135,1,0,0
2026-07-02T14:02:33.626Z,30.691,68.562,575,0,2,116,27.276,72.776,0,954.772,0,0,30.431,73.422,730,0,3,231,30.147,72.144,685,0,2,193,31.581,66.689,736,0,3,236,0,0,0,0,0,0,0,0,0,0,0,0,0,0,0,0,0,0,48,60,2156,1,0,0
2026-07-02T14:02:43.627Z,30.694,68.558,589,0,2,125,27.271,72.902,0,954.848,0,0,30.425,73.406,739,0,3,239,30.187,72.021,688,0,2,196,31.579,66.697,724,0,3,225,0,0,0,0,0,0,0,0,0,0,0,0,0,0,0,0,0,0,48,60,2133,1,0,0
2026-07-02T14:02:53.627Z,30.757,68.559,579,0,2,118,27.276,72.949,0,954.772,0,0,30.451,73.343,749,0,3,248,30.122,71.844,659,0,2,174,31.615,66.746,743,0,3,242,0,0,0,0,0,0,0,0,0,0,0,0,0,0,0,0,0,0,48,60,2128,1,0,0
2026-07-02T14:03:03.628Z,30.737,68.522,570,0,2,112,27.271,72.989,0,954.765,0,0,30.432,73.296,744,0,3,243,30.0,71.95,663,0,2,177,31.603,66.725,746,0,3,245,0,0,0,0,0,0,0,0,0,0,0,0,0,0,0,0,0,0,48,60,2187,1,0,0
2026-07-02T14:03:13.627Z,30.815,68.536,549,0,2,100,27.266,73.018,0,954.813,0,0,30.37,73.411,717,0,3,220,29.943,72.148,656,0,2,171,31.546,66.757,730,0,3,231,0,0,0,0,0,0,0,0,0,0,0,0,0,0,0,0,0,0,48,60,2137,1,0,0
2026-07-02T14:03:23.692Z,30.836,68.378,545,0,2,98,27.266,73.006,0,954.757,0,0,30.459,73.428,709,0,2,213,29.821,72.352,640,0,2,159,31.571,66.816,726,0,3,227,0,0,0,0,0,0,0,0,0,0,0,0,0,0,0,0,0,0,48,60,2164,1,0,0
2026-07-02T14:03:33.800Z,30.865,68.254,571,0,2,113,27.261,73.011,0,954.805,0,0,30.413,73.369,703,0,2,208,29.769,72.504,646,0,2,164,31.57,66.856,729,0,3,230,0,0,0,0,0,0,0,0,0,0,0,0,0,0,0,0,0,0,48,60,2166,1,0,0
2026-07-02T14:03:43.868Z,30.861,68.235,552,0,2,101,27.261,73.006,0,954.777,0,0,30.424,73.375,727,0,3,228,29.787,72.343,639,0,2,159,31.542,66.818,723,0,3,225,0,0,0,0,0,0,0,0,0,0,0,0,0,0,0,0,0,0,48,60,2158,1,0,0
2026-07-02T14:03:53.953Z,30.867,68.289,566,0,2,110,27.266,73.012,0,954.757,0,0,30.409,73.431,723,0,3,225,29.757,72.844,651,0,2,167,31.549,66.896,727,0,3,228,0,0,0,0,0,0,0,0,0,0,0,0,0,0,0,0,0,0,48,60,2147,1,0,0
2026-07-02T14:04:04.047Z,30.859,68.334,547,0,2,99,27.266,73.006,0,954.813,0,0,30.44,73.445,735,0,3,235,29.704,72.93,650,0,2,167,31.555,66.873,698,0,2,204,0,0,0,0,0,0,0,0,0,0,0,0,0,0,0,0,0,0,48,60,2125,1,0,0
2026-07-02T14:04:14.129Z,30.85,68.289,551,0,2,101,27.266,73.041,0,954.785,0,0,30.385,73.493,728,0,3,229,29.703,73.039,637,0,2,157,31.545,66.922,730,0,3,231,0,0,0,0,0,0,0,0,0,0,0,0,0,0,0,0,0,0,48,60,2144,1,0,0
2026-07-02T14:04:24.131Z,30.941,68.309,573,0,2,115,27.271,73.076,0,954.82,0,0,30.439,73.616,744,0,3,244,29.704,73.132,654,0,2,169,31.572,66.92,718,0,3,221,0,0,0,0,0,0,0,0,0,0,0,0,0,0,0,0,0,0,48,60,2158,1,0,0
2026-07-02T14:04:34.332Z,30.946,68.272,584,0,2,121,27.271,73.087,0,954.848,0,0,30.436,73.517,734,0,3,234,29.729,73.138,670,0,2,182,31.573,66.929,722,0,3,224,0,0,0,0,0,0,0,0,0,0,0,0,0,0,0,0,0,0,48,60,2137,1,0,0
2026-07-02T14:04:44.411Z,30.919,68.207,582,0,2,120,27.271,73.139,0,954.848,0,0,30.467,73.493,731,0,3,231,29.78,73.112,677,0,2,187,31.6,66.896,714,0,2,217,0,0,0,0,0,0,0,0,0,0,0,0,0,0,0,0,0,0,48,60,2147,1,0,0
2026-07-02T14:04:54.494Z,30.938,68.219,542,0,2,96,27.256,73.155,0,954.797,0,0,30.485,73.431,728,0,3,229,29.79,72.811,647,0,2,165,31.589,66.826,745,0,3,244,0,0,0,0,0,0,0,0,0,0,0,0,0,0,0,0,0,0,48,60,2144,1,0,0
2026-07-02T14:05:04.574Z,30.958,68.172,562,0,2,107,27.266,73.122,0,954.84,0,0,30.53,73.394,734,0,3,234,29.843,72.989,656,0,2,171,31.62,66.866,712,0,2,216,0,0,0,0,0,0,0,0,0,0,0,0,0,0,0,0,0,0,48,60,2139,1,0,0
2026-07-02T14:05:14.656Z,30.97,68.047,551,0,2,101,27.266,73.087,0,954.813,0,0,30.567,73.306,717,0,3,220,29.904,72.603,644,0,2,162,31.639,66.754,714,0,2,217,0,0,0,0,0,0,0,0,0,0,0,0,0,0,0,0,0,0,48,60,2128,1,0,0
2026-07-02T14:05:24.745Z,30.953,67.986,571,0,2,113,27.276,73.134,0,954.828,0,0,30.548,73.191,724,0,3,226,29.89,72.689,661,0,2,175,31.635,66.768,732,0,3,232,0,0,0,0,0,0,0,0,0,0,0,0,0,0,0,0,0,0,48,60,2127,1,0,0
2026-07-02T14:05:34.825Z,30.94,68.052,574,0,2,115,27.261,73.167,0,954.805,0,0,30.581,73.174,720,0,3,222,29.895,72.64,667,0,2,180,31.658,66.716,686,0,2,194,0,0,0,0,0,0,0,0,0,0,0,0,0,0,0,0,0,0,48,60,2112,1,0,0
2026-07-02T14:05:44.889Z,30.961,67.894,553,0,2,102,27.261,73.035,0,954.805,0,0,30.61,73.039,713,0,2,216,29.924,72.678,661,0,2,175,31.612,66.713,714,0,2,217,0,0,0,0,0,0,0,0,0,0,0,0,0,0,0,0,0,0,48,60,2125,1,0,0
2026-07-02T14:05:54.971Z,30.965,67.888,566,0,2,110,27.256,73.028,0,954.797,0,0,30.573,73.019,730,0,3,231,29.944,72.564,663,0,2,177,31.639,66.752,708,0,2,212,0,0,0,0,0,0,0,0,0,0,0,0,0,0,0,0,0,0,48,60,2137,1,0,0
2026-07-02T14:06:05.053Z,30.979,67.918,544,0,2,97,27.256,73.023,0,954.797,0,0,30.56,73.051,690,0,2,197,29.944,72.476,674,0,2,185,31.637,66.766,732,0,3,233,0,0,0,0,0,0,0,0,0,0,0,0,0,0,0,0,0,0,48,60,2195,1,0,0
2026-07-02T14:06:15.064Z,30.896,67.807,514,0,2,80,27.251,72.901,0,954.789,0,0,30.506,72.931,699,0,2,205,29.957,72.529,670,0,2,182,31.629,66.694,691,0,2,198,0,0,0,0,0,0,0,0,0,0,0,0,0,0,0,0,0,0,48,60,2137,1,0,0
2026-07-02T14:06:25.064Z,30.913,67.825,529,0,2,88,27.251,72.953,0,954.789,0,0,30.512,72.981,722,0,3,224,29.98,72.523,655,0,2,171,31.613,66.665,697,0,2,203,0,0,0,0,0,0,0,0,0,0,0,0,0,0,0,0,0,0,48,60,2156,1,0,0
2026-07-02T14:06:35.264Z,30.881,67.931,535,0,2,92,27.251,72.924,0,954.789,0,0,30.527,73.048,707,0,2,211,29.978,72.424,644,0,2,162,31.61,66.584,713,0,2,217,0,0,0,0,0,0,0,0,0,0,0,0,0,0,0,0,0,0,48,60,2189,1,0,0
2026-07-02T14:06:45.449Z,30.9,68.046,539,0,2,94,27.251,73.045,0,954.817,0,0,30.551,73.061,725,0,3,226,29.923,72.444,652,0,2,168,31.608,66.711,724,0,3,226,0,0,0,0,0,0,0,0,0,0,0,0,0,0,0,0,0,0,48,60,2141,1,0,0
2026-07-02T14:06:55.532Z,30.936,68.067,555,0,2,103,27.256,73.092,0,954.797,0,0,30.597,73.049,705,0,2,210,29.91,72.49,653,0,2,169,31.615,66.778,722,0,3,224,0,0,0,0,0,0,0,0,0,0,0,0,0,0,0,0,0,0,48,60,2146,1,0,0
2026-07-02T14:07:05.614Z,30.95,68.082,545,0,2,97,27.246,73.155,0,954.809,0,0,30.601,73.051,717,0,3,220,29.939,72.505,654,0,2,170,31.592,66.822,716,0,2,219,0,0,0,0,0,0,0,0,0,0,0,0,0,0,0,0,0,0,48,60,2151,1,0,0
2026-07-02T14:07:15.657Z,30.958,68.038,532,0,2,90,27.251,73.172,0,954.789,0,0,30.577,73.014,718,0,3,221,29.947,72.242,661,0,2,175,31.6,66.796,724,0,3,225,0,0,0,0,0,0,0,0,0,0,0,0,0,0,0,0,0,0,48,60,2145,1,0,0
2026-07-02T14:07:25.658Z,30.95,67.997,550,0,2,100,27.256,73.23,0,954.825,0,0,30.602,73.045,728,0,3,229,29.917,72.496,637,0,2,157,31.598,66.818,690,0,2,197,0,0,0,0,0,0,0,0,0,0,0,0,0,0,0,0,0,0,48,60,2128,1,0,0
2026-07-02T14:07:35.658Z,30.933,68.073,549,0,2,100,27.256,73.242,0,954.797,0,0,30.573,73.035,724,0,3,226,29.883,72.428,644,0,2,163,31.602,66.831,697,0,2,203,0,0,0,0,0,0,0,0,0,0,0,0,0,0,0,0,0,0,48,60,2150,1,0,0
2026-07-02T14:07:45.659Z,30.928,68.038,553,0,2,102,27.251,73.247,0,954.845,0,0,30.595,73.041,732,0,3,233,29.859,72.436,655,0,2,171,31.574,66.829,694,0,2,200,0,0,0,0,0,0,0,0,0,0,0,0,0,0,0,0,0,0,48,60,2115,1,0,0
2026-07-02T14:07:55.659Z,31.001,67.986,555,0,2,103,27.251,73.213,0,954.873,0,0,30.505,73.065,720,0,3,223,29.84,72.612,650,0,2,167,31.573,66.841,695,0,2,201,0,0,0,0,0,0,0,0,0,0,0,0,0,0,0,0,0,0,48,60,2131,1,0,0
2026-07-02T14:08:05.660Z,30.955,67.898,542,0,2,96,27.251,73.219,0,954.845,0,0,30.469,73.188,707,0,2,211,29.815,72.597,627,0,2,150,31.59,66.859,699,0,2,205,0,0,0,0,0,0,0,0,0,0,0,0,0,0,0,0,0,0,48,60,2138,1,0,0
2026-07-02T14:08:15.659Z,30.994,67.929,533,0,2,91,27.251,73.247,0,954.845,0,0,30.449,73.233,718,0,3,221,29.818,72.738,644,0,2,162,31.589,66.866,714,0,2,217,0,0,0,0,0,0,0,0,0,0,0,0,0,0,0,0,0,0,48,60,2160,1,0,0
2026-07-02T14:08:25.660Z,31.017,67.857,535,0,2,91,27.241,73.229,0,954.829,0,0,30.468,73.297,730,0,3,231,29.805,72.782,652,0,2,168,31.571,66.863,719,0,3,222,0,0,0,0,0,0,0,0,0,0,0,0,0,0,0,0,0,0,48,60,2077,1,0,0
2026-07-02T14:08:35.660Z,31.041,67.807,544,0,2,97,27.251,73.247,0,954.873,0,0,30.456,73.252,716,0,2,219,29.764,72.765,641,0,2,160,31.596,66.873,710,0,2,214,0,0,0,0,0,0,0,0,0,0,0,0,0,0,0,0,0,0,48,60,2146,1,0,0
2026-07-02T14:08:45.661Z,31.041,67.784,565,0,2,110,27.251,73.265,0,954.817,0,0,30.447,73.306,692,0,2,199,29.753,72.802,625,0,2,149,31.556,66.841,714,0,2,217,0,0,0,0,0,0,0,0,0,0,0,0,0,0,0,0,0,0,48,60,2157,1,0,0
2026-07-02T14:08:55.662Z,31.021,67.754,515,0,2,80,27.251,73.276,0,954.845,0,0,30.401,73.421,709,0,2,213,29.686,73.043,627,0,2,150,31.59,66.828,709,0,2,213,0,0,0,0,0,0,0,0,0,0,0,0,0,0,0,0,0,0,48,60,2099,1,0,0
2026-07-02T14:09:05.662Z,30.979,67.799,537,0,2,93,27.256,73.225,0,954.853,0,0,30.363,73.476,701,0,2,207,29.688,73.052,634,0,2,155,31.605,66.8,709,0,2,213,0,0,0,0,0,0,0,0,0,0,0,0,0,0,0,0,0,0,48,60,2118,1,0,0
2026-07-02T14:09:15.662Z,31.018,67.802,539,0,2,94,27.241,73.166,0,954.857,0,0,30.409,73.481,722,0,3,224,29.641,73.22,646,0,2,164,31.573,66.882,705,0,2,210,0,0,0,0,0,0,0,0,0,0,0,0,0,0,0,0,0,0,48,60,2135,1,0,0
2026-07-02T14:09:25.662Z,31.022,67.753,542,0,2,96,27.231,73.183,0,954.869,0,0,30.357,73.478,690,0,2,197,29.604,73.344,615,0,2,142,31.579,66.817,695,0,2,201,0,0,0,0,0,0,0,0,0,0,0,0,0,0,0,0,0,0,48,60,2127,1,0,0
2026-07-02T14:09:35.662Z,31.015,67.833,551,0,2,101,27.226,73.153,0,954.889,0,0,30.384,73.601,726,0,3,228,29.618,73.321,632,0,2,153,31.572,66.885,709,0,2,213,0,0,0,0,0,0,0,0,0,0,0,0,0,0,0,0,0,0,48,60,2123,1,0,0
2026-07-02T14:09:45.662Z,31.039,67.865,552,0,2,101,27.236,73.246,0,954.877,0,0,30.408,73.583,708,0,2,212,29.601,73.357,612,0,2,140,31.554,66.891,725,0,3,227,0,0,0,0,0,0,0,0,0,0,0,0,0,0,0,0,0,0,48,60,2141,1,0,0
2026-07-02T14:09:55.664Z,31.021,67.814,536,0,2,92,27.236,73.252,0,954.877,0,0,30.455,73.579,688,0,2,196,29.62,73.528,656,0,2,171,31.467,67.079,706,0,2,211,0,0,0,0,0,0,0,0,0,0,0,0,0,0,0,0,0,0,48,60,2151,1,0,0
2026-07-02T14:10:05.664Z,31.018,67.879,519,0,2,83,27.226,73.309,0,954.889,0,0,30.427,73.611,733,0,3,233,29.592,73.723,659,0,2,173,31.424,67.256,715,0,2,218,0,0,0,0,0,0,0,0,0,0,0,0,0,0,0,0,0,0,48,60,2153,1,0,0
2026-07-02T14:10:15.663Z,31.039,67.839,523,0,2,85,27.231,73.338,0,954.841,0,0,30.312,73.804,711,0,2,215,29.757,73.826,634,0,2,155,31.415,67.347,709,0,2,213,0,0,0,0,0,0,0,0,0,0,0,0,0,0,0,0,0,0,48,60,2159,1,0,0
2026-07-02T14:10:25.663Z,31.074,67.721,545,0,2,97,27.221,73.28,0,954.881,0,0,30.339,73.73,704,0,2,209,29.772,73.77,642,0,2,161,31.449,67.33,685,0,2,193,0,0,0,0,0,0,0,0,0,0,0,0,0,0,0,0,0,0,48,60,2161,1,0,0
2026-07-02T14:10:35.664Z,31.063,67.653,528,0,2,88,27.216,73.228,0,954.846,0,0,30.422,73.737,715,0,2,218,29.892,73.426,638,0,2,158,31.472,67.144,669,0,2,181,0,0,0,0,0,0,0,0,0,0,0,0,0,0,0,0,0,0,48,60,2173,1,0,0
2026-07-02T14:10:45.663Z,31.08,67.65,547,0,2,99,27.226,73.298,0,954.917,0,0,30.504,73.547,701,0,2,206,29.929,73.123,646,0,2,164,31.525,67.114,696,0,2,202,0,0,0,0,0,0,0,0,0,0,0,0,0,0,0,0,0,0,48,60,2128,1,0,0
2026-07-02T14:10:55.663Z,31.103,67.644,564,0,2,109,27.221,73.378,0,954.909,0,0,30.582,73.367,715,0,2,218,29.921,72.84,649,0,2,166,31.496,67.153,695,0,2,201,0,0,0,0,0,0,0,0,0,0,0,0,0,0,0,0,0,0,48,60,2147,1,0,0
2026-07-02T14:11:05.664Z,31.071,67.681,541,0,2,95,27.221,73.43,0,954.798,0,0,30.617,73.275,714,0,2,217,29.9,72.748,650,0,2,167,31.524,67.184,699,0,2,205,0,0,0,0,0,0,0,0,0,0,0,0,0,0,0,0,0,0,48,60,2125,1,0,0
2026-07-02T14:11:15.664Z,31.077,67.834,532,0,2,90,27.231,73.465,0,954.869,0,0,30.661,73.153,723,0,3,225,29.865,72.684,636,0,2,157,31.517,67.171,745,0,3,244,0,0,0,0,0,0,0,0,0,0,0,0,0,0,0,0,0,0,48,60,2130,1,0,0
2026-07-02T14:11:25.665Z,31.048,67.918,547,0,2,99,27.231,73.454,0,954.841,0,0,30.649,73.234,708,0,2,212,29.865,72.567,638,0,2,158,31.521,67.15,723,0,3,225,0,0,0,0,0,0,0,0,0,0,0,0,0,0,0,0,0,0,48,60,2115,1,0,0
2026-07-02T14:11:35.665Z,31.062,67.911,535,0,2,91,27.231,73.448,0,954.925,0,0,30.708,73.152,729,0,3,230,29.887,72.831,651,0,2,167,31.557,67.141,735,0,3,235,0,0,0,0,0,0,0,0,0,0,0,0,0,0,0,0,0,0,48,60,2139,1,0,0
2026-07-02T14:11:45.665Z,31.034,67.848,542,0,2,95,27.231,73.512,0,954.869,0,0,30.702,72.926,739,0,3,239,29.892,72.822,636,0,2,157,31.566,67.149,721,0,3,223,0,0,0,0,0,0,0,0,0,0,0,0,0,0,0,0,0,0,48,60,2111,1,0,0
2026-07-02T14:11:55.665Z,31.009,67.801,535,0,2,92,27.226,73.5,0,954.834,0,0,30.778,72.788,707,0,2,211,29.92,72.73,636,0,2,156,31.516,67.167,715,0,2,218,0,0,0,0,0,0,0,0,0,0,0,0,0,0,0,0,0,0,48,60,2123,1,0,0
2026-07-02T14:12:05.666Z,31.002,67.862,536,0,2,92,27.236,73.512,0,954.905,0,0,30.78,72.649,709,0,2,213,29.91,72.652,614,0,2,141,31.517,67.098,716,0,2,219,0,0,0,0,0,0,0,0,0,0,0,0,0,0,0,0,0,0,48,60,2162,1,0,0
2026-07-02T14:12:15.667Z,30.994,67.876,521,0,2,84,27.231,73.523,0,954.841,0,0,30.773,72.608,714,0,2,217,29.907,72.684,637,0,2,157,31.52,67.169,692,0,2,199,0,0,0,0,0,0,0,0,0,0,0,0,0,0,0,0,0,0,48,60,2079,1,0,0
2026-07-02T14:12:25.667Z,31.01,67.864,537,0,2,93,27.231,73.512,0,954.897,0,0,30.799,72.549,724,0,3,226,29.915,72.648,631,0,2,153,31.498,67.209,719,0,3,221,0,0,0,0,0,0,0,0,0,0,0,0,0,0,0,0,0,0,48,60,2131,1,0,0
2026-07-02T14:12:35.666Z,31.006,67.823,536,0,2,92,27.226,73.517,0,954.889,0,0,30.802,72.563,710,0,2,214,29.88,72.61,628,0,2,151,31.483,67.193,705,0,2,210,0,0,0,0,0,0,0,0,0,0,0,0,0,0,0,0,0,0,48,60,2129,1,0,0
2026-07-02T14:12:45.667Z,31.037,67.892,537,0,2,93,27.231,73.569,0,954.841,0,0,30.821,72.546,718,0,3,221,29.844,72.654,617,0,2,143,31.447,67.301,720,0,3,222,0,0,0,0,0,0,0,0,0,0,0,0,0,0,0,0,0,0,48,60,2129,1,0,0
2026-07-02T14:12:55.667Z,31.044,67.855,553,0,2,102,27.236,73.599,0,954.877,0,0,30.823,72.518,686,0,2,195,29.835,72.725,644,0,2,163,31.478,67.341,723,0,3,224,0,0,0,0,0,0,0,0,0,0,0,0,0,0,0,0,0,0,48,60,2211,1,0,0
2026-07-02T14:13:05.667Z,31.041,67.908,530,0,2,88,27.226,73.586,0,954.917,0,0,30.782,72.667,703,0,2,208,29.819,72.799,616,0,2,142,31.465,67.328,711,0,2,214,0,0,0,0,0,0,0,0,0,0,0,0,0,0,0,0,0,0,48,60,2126,1,0,0
2026-07-02T14:13:15.667Z,31.075,67.908,542,0,2,96,27.236,73.581,0,954.933,0,0,30.738,72.651,708,0,2,213,29.79,72.876,625,0,2,149,31.476,67.368,715,0,2,218,0,0,0,0,0,0,0,0,0,0,0,0,0,0,0,0,0,0,48,60,2160,1,0,0
2026-07-02T14:13:25.668Z,31.09,67.895,545,0,2,97,27.236,73.599,0,954.849,0,0,30.761,72.748,729,0,3,230,29.832,72.917,645,0,2,163,31.498,67.356,715,0,2,218,0,0,0,0,0,0,0,0,0,0,0,0,0,0,0,0,0,0,48,60,2149,1,0,0
2026-07-02T14:13:35.668Z,31.114,67.869,547,0,2,99,27.231,73.615,0,954.897,0,0,30.749,72.724,718,0,3,220,29.81,72.891,598,0,2,130,31.499,67.308,674,0,2,185,0,0,0,0,0,0,0,0,0,0,0,0,0,0,0,0,0,0,48,60,2165,1,0,0
2026-07-02T14:13:45.740Z,31.095,67.814,531,0,2,89,27.231,73.621,0,954.869,0,0,30.755,72.801,710,0,2,214,29.799,72.915,605,0,2,135,31.487,67.309,713,0,2,216,0,0,0,0,0,0,0,0,0,0,0,0,0,0,0,0,0,0,48,60,2128,1,0,0
2026-07-02T14:13:55.823Z,31.13,67.827,543,0,2,96,27.236,73.616,0,954.877,0,0,30.704,72.802,721,0,3,223,29.79,72.985,630,0,2,152,31.468,67.288,719,0,3,221,0,0,0,0,0,0,0,0,0,0,0,0,0,0,0,0,0,0,48,60,2112,1,0,0
2026-07-02T14:14:05.889Z,31.104,67.728,559,0,2,106,27.226,73.511,0,954.917,0,0,30.702,72.897,727,0,3,229,29.752,73.058,620,0,2,146,31.463,67.372,696,0,2,202,0,0,0,0,0,0,0,0,0,0,0,0,0,0,0,0,0,0,48,60,2139,1,0,0
2026-07-02T14:14:15.937Z,31.084,67.78,538,0,2,93,27.236,73.5,0,954.988,0,0,30.713,72.849,686,0,2,194,29.756,73.132,634,0,2,155,31.466,67.372,709,0,2,213,0,0,0,0,0,0,0,0,0,0,0,0,0,0,0,0,0,0,48,60,2170,1,0,0
2026-07-02T14:14:25.986Z,31.142,67.725,533,0,2,91,27.236,73.512,0,954.905,0,0,30.679,72.829,724,0,3,226,29.742,73.069,614,0,2,141,31.456,67.394,705,0,2,210,0,0,0,0,0,0,0,0,0,0,0,0,0,0,0,0,0,0,48,60,2185,1,0,0
2026-07-02T14:14:36.051Z,31.12,67.651,540,0,2,95,27.231,73.535,0,954.869,0,0,30.617,72.886,719,0,3,222,29.744,73.096,636,0,2,157,31.48,67.41,696,0,2,203,0,0,0,0,0,0,0,0,0,0,0,0,0,0,0,0,0,0,48,60,2149,1,0,0
2026-07-02T14:14:46.133Z,31.189,67.712,538,0,2,93,27.231,73.604,0,954.925,0,0,30.6,73.136,716,0,2,219,29.725,73.052,638,0,2,158,31.462,67.417,715,0,2,218,0,0,0,0,0,0,0,0,0,0,0,0,0,0,0,0,0,0,48,60,2130,1,0,0
2026-07-02T14:14:56.216Z,31.153,67.603,519,0,2,83,27.241,73.576,0,954.941,0,0,30.669,73.083,714,0,2,217,29.739,72.86,629,0,2,152,31.465,67.43,721,0,3,223,0,0,0,0,0,0,0,0,0,0,0,0,0,0,0,0,0,0,48,60,2154,1,0,0
2026-07-02T14:15:06.298Z,31.112,67.428,508,0,2,77,27.236,73.512,0,954.933,0,0,30.664,72.852,696,0,2,202,29.764,73.137,636,0,2,157,31.49,67.39,718,0,3,221,0,0,0,0,0,0,0,0,0,0,0,0,0,0,0,0,0,0,48,60,2143,1,0,0
2026-07-02T14:15:16.364Z,31.112,67.36,499,0,2,72,27.236,73.333,0,954.988,0,0,30.676,72.789,680,0,2,190,29.743,73.099,620,0,2,146,31.515,67.256,715,0,2,218,0,0,0,0,0,0,0,0,0,0,0,0,0,0,0,0,0,0,48,60,2154,1,0,0
2026-07-02T14:15:26.428Z,31.133,67.564,548,0,2,99,27.231,73.298,0,954.897,0,0,30.717,72.705,710,0,2,214,29.724,73.108,618,0,2,144,31.541,67.191,685,0,2,193,0,0,0,0,0,0,0,0,0,0,0,0,0,0,0,0,0,0,48,60,2139,1,0,0
2026-07-02T14:15:36.494Z,31.096,67.44,501,0,2,73,27.231,73.338,0,954.981,0,0,30.747,72.713,676,0,2,187,29.715,73.133,621,0,2,146,31.559,67.202,689,0,2,197,0,0,0,0,0,0,0,0,0,0,0,0,0,0,0,0,0,0,48,60,2162,1,0,0
2026-07-02T14:15:46.559Z,31.014,67.479,519,0,2,83,27.236,73.275,0,954.961,0,0,30.671,72.661,697,0,2,203,29.746,73.252,610,0,2,139,31.573,67.123,683,0,2,192,0,0,0,0,0,0,0,0,0,0,0,0,0,0,0,0,0,0,48,60,2136,1,0,0
2026-07-02T14:15:56.741Z,31.007,67.6,533,0,2,90,27.226,73.286,0,954.917,0,0,30.718,72.671,697,0,2,203,29.786,73.146,621,0,2,146,31.555,67.065,684,0,2,192,0,0,0,0,0,0,0,0,0,0,0,0,0,0,0,0,0,0,48,60,2140,1,0,0
2026-07-02T14:16:06.825Z,31.0,67.788,498,0,2,71,27.231,73.31,0,954.953,0,0,30.677,72.694,700,0,2,206,29.838,73.033,637,0,2,157,31.539,67.012,676,0,2,187,0,0,0,0,0,0,0,0,0,0,0,0,0,0,0,0,0,0,48,60,2168,1,0,0
2026-07-02T14:16:16.873Z,30.987,67.743,510,0,2,78,27.226,73.263,0,954.917,0,0,30.62,72.741,666,0,2,179,29.873,72.875,610,0,2,139,31.572,66.979,691,0,2,198,0,0,0,0,0,0,0,0,0,0,0,0,0,0,0,0,0,0,48,60,2137,1,0,0
2026-07-02T14:16:26.989Z,30.992,67.595,512,0,2,79,27.221,73.274,0,954.881,0,0,30.689,72.655,705,0,2,209,29.838,72.865,641,0,2,160,31.546,67.015,683,0,2,192,0,0,0,0,0,0,0,0,0,0,0,0,0,0,0,0,0,0,48,60,2112,1,0,0
2026-07-02T14:16:37.054Z,31.0,67.6,487,0,2,65,27.221,73.274,0,954.965,0,0,30.702,72.596,667,0,2,179,29.828,72.813,615,0,2,142,31.583,66.968,700,0,2,206,0,0,0,0,0,0,0,0,0,0,0,0,0,0,0,0,0,0,48,60,2133,1,0,0
2026-07-02T14:16:47.135Z,30.996,67.55,500,0,2,72,27.226,73.292,0,954.861,0,0,30.729,72.574,702,0,2,207,29.811,72.769,630,0,2,152,31.573,66.919,699,0,2,205,0,0,0,0,0,0,0,0,0,0,0,0,0,0,0,0,0,0,48,60,2128,1,0,0
2026-07-02T14:16:57.235Z,31.002,67.764,506,0,2,76,27.211,73.331,0,954.838,0,0,30.68,72.653,682,0,2,191,29.823,72.784,626,0,2,149,31.56,66.971,692,0,2,199,0,0,0,0,0,0,0,0,0,0,0,0,0,0,0,0,0,0,48,60,2127,1,0,0
2026-07-02T14:17:07.284Z,30.992,67.87,530,0,2,89,27.221,73.418,0,954.993,0,0,30.637,72.768,710,0,2,214,29.815,72.836,592,0,2,127,31.536,67.062,725,0,3,227,0,0,0,0,0,0,0,0,0,0,0,0,0,0,0,0,0,0,48,60,2151,1,0,0
2026-07-02T14:17:17.365Z,30.992,67.89,530,0,2,89,27.216,73.453,0,954.901,0,0,30.578,72.879,716,0,2,219,29.788,72.81,623,0,2,147,31.478,67.032,687,0,2,195,0,0,0,0,0,0,0,0,0,0,0,0,0,0,0,0,0,0,48,60,2124,1,0,0
2026-07-02T14:17:27.447Z,31.018,68.031,511,0,2,78,27.221,73.488,0,954.909,0,0,30.598,72.982,706,0,2,211,29.767,72.767,619,0,2,145,31.458,67.2,707,0,2,211,0,0,0,0,0,0,0,0,0,0,0,0,0,0,0,0,0,0,48,60,2158,1,0,0
2026-07-02T14:17:37.464Z,30.987,67.902,516,0,2,81,27.216,73.401,0,954.901,0,0,30.663,72.862,697,0,2,203,29.728,72.864,593,0,2,127,31.428,67.225,694,0,2,200,0,0,0,0,0,0,0,0,0,0,0,0,0,0,0,0,0,0,48,60,2146,1,0,0
2026-07-02T14:17:47.545Z,30.988,67.939,498,0,2,71,27.221,73.442,0,954.937,0,0,30.637,72.841,710,0,2,214,29.724,72.898,612,0,2,140,31.452,67.315,674,0,2,185,0,0,0,0,0,0,0,0,0,0,0,0,0,0,0,0,0,0,48,60,2159,1,0,0
2026-07-02T14:17:57.595Z,30.992,67.869,503,0,2,73,27.221,73.499,0,954.937,0,0,30.68,72.83,714,0,2,218,29.739,72.954,597,0,2,130,31.441,67.292,704,0,2,209,0,0,0,0,0,0,0,0,0,0,0,0,0,0,0,0,0,0,48,60,2141,1,0,0
2026-07-02T14:18:07.660Z,30.992,67.883,510,0,2,77,27.221,73.563,0,954.909,0,0,30.736,72.787,685,0,2,194,29.742,73.008,601,0,2,133,31.488,67.274,695,0,2,201,0,0,0,0,0,0,0,0,0,0,0,0,0,0,0,0,0,0,48,60,2143,1,0,0
2026-07-02T14:18:17.726Z,30.999,67.848,508,0,2,77,27.221,73.557,0,954.937,0,0,30.687,72.768,705,0,2,209,29.725,72.974,617,0,2,143,31.466,67.292,687,0,2,195,0,0,0,0,0,0,0,0,0,0,0,0,0,0,0,0,0,0,48,60,2128,1,0,0
2026-07-02T14:18:27.775Z,31.021,67.832,535,0,2,91,27.221,73.522,0,954.881,0,0,30.699,72.723,713,0,2,216,29.752,73.028,595,0,2,129,31.463,67.294,689,0,2,197,0,0,0,0,0,0,0,0,0,0,0,0,0,0,0,0,0,0,48,60,2118,1,0,0
2026-07-02T14:18:37.839Z,31.009,67.788,490,0,2,67,27.221,73.459,0,954.909,0,0,30.712,72.697,678,0,2,188,29.767,73.039,607,0,2,137,31.51,67.225,686,0,2,194,0,0,0,0,0,0,0,0,0,0,0,0,0,0,0,0,0,0,48,60,2139,1,0,0
2026-07-02T14:18:47.888Z,31.021,67.718,517,0,2,81,27.226,73.402,0,954.889,0,0,30.706,72.6,688,0,2,196,29.756,72.993,630,0,2,152,31.531,67.179,674,0,2,185,0,0,0,0,0,0,0,0,0,0,0,0,0,0,0,0,0,0,48,60,2144,1,0,0
2026-07-02T14:18:57.920Z,30.985,67.62,498,0,2,71,27.221,73.257,0,954.909,0,0,30.659,72.643,656,0,2,171,29.765,73.027,612,0,2,140,31.545,67.072,670,0,2,182,0,0,0,0,0,0,0,0,0,0,0,0,0,0,0,0,0,0,48,60,2131,1,0,0
2026-07-02T14:19:08.069Z,31.002,67.72,508,0,2,76,27.221,73.309,0,954.965,0,0,30.704,72.624,688,0,2,196,29.76,73.045,637,0,2,158,31.548,67.003,699,0,2,205,0,0,0,0,0,0,0,0,0,0,0,0,0,0,0,0,0,0,48,60,2155,1,0,0
2026-07-02T14:19:18.134Z,31.037,67.716,521,0,2,83,27.221,73.343,0,954.965,0,0,30.642,72.636,686,0,2,194,29.761,72.995,618,0,2,144,31.527,67.047,674,0,2,185,0,0,0,0,0,0,0,0,0,0,0,0,0,0,0,0,0,0,48,60,2122,1,0,0
2026-07-02T14:19:28.185Z,31.039,67.731,504,0,2,74,27.226,73.39,0,954.945,0,0,30.537,72.883,700,0,2,206,29.746,72.96,591,0,2,126,31.507,67.096,719,0,3,221,0,0,0,0,0,0,0,0,0,0,0,0,0,0,0,0,0,0,48,60,2124,1,0,0
2026-07-02T14:19:38.217Z,31.05,67.766,504,0,2,74,27.216,73.435,0,954.957,0,0,30.58,73.004,700,0,2,206,29.71,72.965,614,0,2,141,31.493,67.107,681,0,2,190,0,0,0,0,0,0,0,0,0,0,0,0,0,0,0,0,0,0,48,60,2125,1,0,0
2026-07-02T14:19:48.217Z,31.044,67.739,493,0,2,68,27.216,73.383,0,954.985,0,0,30.554,73.023,693,0,2,199,29.685,72.782,584,0,2,122,31.479,67.182,704,0,2,209,0,0,0,0,0,0,0,0,0,0,0,0,0,0,0,0,0,0,48,60,2128,1,0,0
2026-07-02T14:19:58.217Z,31.081,67.755,516,0,2,81,27.221,73.442,0,954.993,0,0,30.615,73.129,700,0,2,206,29.615,73.343,617,0,2,143,31.36,67.335,664,0,2,177,0,0,0,0,0,0,0,0,0,0,0,0,0,0,0,0,0,0,48,60,2129,1,0,0
2026-07-02T14:20:08.219Z,31.093,67.764,486,0,1,64,27.211,73.458,0,954.949,0,0,30.506,73.212,695,0,2,202,29.725,73.435,593,0,2,127,31.372,67.458,685,0,2,193,0,0,0,0,0,0,0,0,0,0,0,0,0,0,0,0,0,0,48,60,2118,1,0,0
2026-07-02T14:20:18.218Z,31.08,67.802,526,0,2,86,27.206,73.464,0,954.997,0,0,30.53,73.324,701,0,2,206,29.664,73.662,600,0,2,132,31.423,67.553,686,0,2,195,0,0,0,0,0,0,0,0,0,0,0,0,0,0,0,0,0,0,48,60,2146,1,0,0
2026-07-02T14:20:28.219Z,31.055,67.747,496,0,2,70,27.206,73.487,0,954.969,0,0,30.516,73.361,690,0,2,197,29.664,73.682,610,0,2,139,31.258,67.674,701,0,2,207,0,0,0,0,0,0,0,0,0,0,0,0,0,0,0,0,0,0,48,60,2176,1,0,0
2026-07-02T14:20:38.427Z,31.001,67.807,512,0,2,79,27.211,73.574,0,955.005,0,0,30.499,73.404,677,0,2,187,29.658,73.639,584,0,2,121,31.248,67.916,691,0,2,198,0,0,0,0,0,0,0,0,0,0,0,0,0,0,0,0,0,0,48,60,2189,1,0,0
2026-07-02T14:20:48.426Z,30.969,67.827,474,0,1,59,27.216,73.603,0,955.013,0,0,30.516,73.349,705,0,2,210,29.699,73.617,598,0,2,131,31.25,67.965,692,0,2,199,0,0,0,0,0,0,0,0,0,0,0,0,0,0,0,0,0,0,48,60,2182,1,0,0
2026-07-02T14:20:58.426Z,30.972,67.843,504,0,2,74,27.195,73.469,0,955.009,0,0,30.537,73.138,690,0,2,198,29.81,73.465,598,0,2,131,31.25,67.947,674,0,2,185,0,0,0,0,0,0,0,0,0,0,0,0,0,0,0,0,0,0,48,60,2163,1,0,0
2026-07-02T14:21:08.426Z,30.978,67.857,521,0,2,83,27.195,73.451,0,955.009,0,0,30.585,73.127,700,0,2,205,29.827,73.057,600,0,2,132,31.227,67.972,694,0,2,200,0,0,0,0,0,0,0,0,0,0,0,0,0,0,0,0,0,0,48,60,2128,1,0,0
2026-07-02T14:21:18.427Z,30.953,67.954,502,0,2,73,27.206,73.446,0,955.053,0,0,30.637,73.065,681,0,2,190,29.773,72.987,599,0,2,131,31.186,67.941,682,0,2,191,0,0,0,0,0,0,0,0,0,0,0,0,0,0,0,0,0,0,48,60,2195,1,0,0
2026-07-02T14:21:28.428Z,30.961,68.085,509,0,2,77,27.195,73.382,0,955.009,0,0,30.625,73.068,704,0,2,208,29.747,73.131,603,0,2,134,31.259,67.98,690,0,2,198,0,0,0,0,0,0,0,0,0,0,0,0,0,0,0,0,0,0,48,60,2159,1,0,0
2026-07-02T14:21:38.428Z,30.934,68.258,478,0,1,60,27.195,73.555,0,955.009,0,0,30.674,73.139,691,0,2,199,29.763,73.1,598,0,2,130,31.245,68.01,676,0,2,186,0,0,0,0,0,0,0,0,0,0,0,0,0,0,0,0,0,0,48,60,2160,1,0,0
2026-07-02T14:21:48.428Z,30.977,68.214,505,0,2,75,27.19,73.578,0,954.974,0,0,30.713,73.004,696,0,2,202,29.841,73.193,593,0,2,128,31.266,67.996,710,0,2,214,0,0,0,0,0,0,0,0,0,0,0,0,0,0,0,0,0,0,48,60,2189,1,0,0
2026-07-02T14:21:58.429Z,31.04,67.957,494,0,2,69,27.19,73.584,0,955.057,0,0,30.785,72.686,688,0,2,196,29.891,73.077,588,0,2,124,31.245,67.943,701,0,2,206,0,0,0,0,0,0,0,0,0,0,0,0,0,0,0,0,0,0,48,60,2157,1,0,0
2026-07-02T14:22:08.430Z,31.061,67.888,505,0,2,75,27.19,73.497,0,955.057,0,0,30.794,72.541,698,0,2,204,29.901,72.947,598,0,2,130,31.206,67.842,673,0,2,184,0,0,0,0,0,0,0,0,0,0,0,0,0,0,0,0,0,0,48,60,2174,1,0,0
2026-07-02T14:22:18.429Z,31.052,68.025,517,0,2,81,27.19,73.52,0,955.057,0,0,30.855,72.656,696,0,2,203,30.034,72.744,597,0,2,130,31.194,67.992,670,0,2,182,0,0,0,0,0,0,0,0,0,0,0,0,0,0,0,0,0,0,48,60,2192,1,0,0
2026-07-02T14:22:28.430Z,31.086,67.848,512,0,2,78,27.19,73.618,0,955.057,0,0,30.875,72.531,680,0,2,189,30.077,72.507,571,0,2,113,31.231,68.008,677,0,2,187,0,0,0,0,0,0,0,0,0,0,0,0,0,0,0,0,0,0,48,60,2155,1,0,0
2026-07-02T14:22:38.446Z,31.062,67.725,494,0,2,69,27.19,73.578,0,955.141,0,0,30.852,72.358,702,0,2,207,30.101,72.472,581,0,2,119,31.172,68.041,647,0,2,165,0,0,0,0,0,0,0,0,0,0,0,0,0,0,0,0,0,0,48,60,2174,1,0,0
2026-07-02T14:22:48.446Z,31.065,67.65,467,0,1,55,27.18,73.519,0,955.042,0,0,30.802,72.316,661,0,2,175,30.056,72.268,610,0,2,138,31.172,68.022,640,0,2,160,0,0,0,0,0,0,0,0,0,0,0,0,0,0,0,0,0,0,48,60,2179,1,0,0
2026-07-02T14:22:58.447Z,31.105,67.61,490,0,2,67,27.185,73.387,0,955.077,0,0,30.857,72.242,656,0,2,171,30.068,72.041,606,0,2,136,31.196,67.994,654,0,2,169,0,0,0,0,0,0,0,0,0,0,0,0,0,0,0,0,0,0,48,60,2196,1,0,0
2026-07-02T14:23:08.446Z,31.092,67.613,505,0,2,75,27.185,73.439,0,955.077,0,0,30.852,72.24,673,0,2,184,30.079,72.148,596,0,2,129,31.194,67.951,661,0,2,175,0,0,0,0,0,0,0,0,0,0,0,0,0,0,0,0,0,0,48,60,2186,1,0,0
2026-07-02T14:23:18.446Z,31.098,67.553,475,0,1,59,27.18,73.433,0,955.042,0,0,30.825,72.229,662,0,2,176,30.098,72.208,583,0,2,121,31.207,67.934,671,0,2,183,0,0,0,0,0,0,0,0,0,0,0,0,0,0,0,0,0,0,48,60,2186,1,0,0
2026-07-02T14:23:28.523Z,31.163,67.379,487,0,2,65,27.19,73.301,0,955.057,0,0,30.748,72.288,675,0,2,186,30.137,72.161,584,0,2,122,31.199,67.865,653,0,2,169,0,0,0,0,0,0,0,0,0,0,0,0,0,0,0,0,0,0,48,60,2148,1,0,0
2026-07-02T14:23:38.570Z,31.211,67.305,483,0,1,63,27.18,73.248,0,955.042,0,0,30.748,72.392,666,0,2,178,30.182,71.916,596,0,2,129,31.21,67.864,654,0,2,170,0,0,0,0,0,0,0,0,0,0,0,0,0,0,0,0,0,0,48,60,2192,1,0,0
2026-07-02T14:23:48.620Z,31.25,67.245,473,0,1,58,27.18,73.335,0,955.07,0,0,30.818,72.34,666,0,2,179,30.132,71.852,575,0,2,116,31.223,67.856,664,0,2,177,0,0,0,0,0,0,0,0,0,0,0,0,0,0,0,0,0,0,48,60,2174,1,0,0
2026-07-02T14:23:58.702Z,31.234,67.278,497,0,2,71,27.18,73.393,0,955.125,0,0,30.827,72.35,655,0,2,171,30.06,71.98,595,0,2,128,31.245,67.9,663,0,2,176,0,0,0,0,0,0,0,0,0,0,0,0,0,0,0,0,0,0,48,60,2167,1,0,0
2026-07-02T14:24:08.767Z,31.152,67.195,469,0,1,56,27.185,73.324,0,955.022,0,0,30.779,72.291,624,0,2,148,29.938,72.106,571,0,2,114,31.323,67.756,658,0,2,172,0,0,0,0,0,0,0,0,0,0,0,0,0,0,0,0,0,0,48,60,2177,1,0,0
2026-07-02T14:24:18.849Z,31.083,67.107,464,0,1,54,27.18,73.19,0,955.07,0,0,30.733,72.202,623,0,2,147,29.938,72.258,581,0,2,119,31.322,67.595,611,0,2,140,0,0,0,0,0,0,0,0,0,0,0,0,0,0,0,0,0,0,48,60,2188,1,0,0
2026-07-02T14:24:28.932Z,31.024,67.342,484,0,1,63,27.175,73.161,0,955.062,0,0,30.725,72.371,663,0,2,177,29.981,72.176,571,0,2,113,31.39,67.456,642,0,2,161,0,0,0,0,0,0,0,0,0,0,0,0,0,0,0,0,0,0,48,60,2170,1,0,0
2026-07-02T14:24:38.997Z,31.009,67.494,486,0,2,65,27.175,73.161,0,955.062,0,0,30.713,72.394,677,0,2,187,30.003,72.396,577,0,2,117,31.405,67.317,671,0,2,183,0,0,0,0,0,0,0,0,0,0,0,0,0,0,0,0,0,0,48,60,2183,1,0,0
2026-07-02T14:24:49.061Z,30.969,67.568,464,0,1,53,27.17,73.213,0,955.026,0,0,30.672,72.41,650,0,2,167,30.024,72.235,589,0,2,124,31.416,67.298,678,0,2,188,0,0,0,0,0,0,0,0,0,0,0,0,0,0,0,0,0,0,48,60,2167,1,0,0
2026-07-02T14:24:59.126Z,30.917,67.64,479,0,1,61,27.18,73.231,0,955.097,0,0,30.702,72.395,690,0,2,198,30.022,72.181,601,0,2,133,31.417,67.287,697,0,2,203,0,0,0,0,0,0,0,0,0,0,0,0,0,0,0,0,0,0,48,60,2178,1,0,0
2026-07-02T14:25:09.194Z,30.962,67.84,472,0,1,57,27.175,73.265,0,955.034,0,0,30.763,72.47,689,0,2,197,29.965,72.366,566,0,2,110,31.462,67.167,692,0,2,199,0,0,0,0,0,0,0,0,0,0,0,0,0,0,0,0,0,0,48,60,2150,1,0,0
2026-07-02T14:25:19.260Z,30.953,67.787,493,0,2,68,27.18,73.266,0,955.125,0,0,30.806,72.384,674,0,2,185,29.942,72.321,592,0,2,126,31.42,67.145,668,0,2,181,0,0,0,0,0,0,0,0,0,0,0,0,0,0,0,0,0,0,48,60,2162,1,0,0
2026-07-02T14:25:29.324Z,30.987,67.858,505,0,2,75,27.17,73.311,0,955.026,0,0,30.756,72.399,681,0,2,190,29.953,72.278,606,0,2,136,31.456,67.208,684,0,2,193,0,0,0,0,0,0,0,0,0,0,0,0,0,0,0,0,0,0,48,60,2160,1,0,0
2026-07-02T14:25:39.374Z,30.962,67.843,539,0,2,94,27.165,73.357,0,954.99,0,0,30.749,72.413,711,0,2,215,29.932,72.363,575,0,2,116,31.437,67.161,707,0,2,211,0,0,0,0,0,0,0,0,0,0,0,0,0,0,0,0,0,0,48,60,2202,1,0,0
2026-07-02T14:25:49.438Z,30.912,67.827,487,0,2,65,27.175,73.392,0,955.117,0,0,30.763,72.481,713,0,2,216,29.912,72.284,599,0,2,131,31.464,67.131,696,0,2,202,0,0,0,0,0,0,0,0,0,0,0,0,0,0,0,0,0,0,48,60,2144,1,0,0
2026-07-02T14:25:59.520Z,30.927,67.886,508,0,2,76,27.17,73.323,0,955.054,0,0,30.707,72.426,690,0,2,197,29.834,72.38,613,0,2,140,31.507,67.103,681,0,2,190,0,0,0,0,0,0,0,0,0,0,0,0,0,0,0,0,0,0,48,60,2179,1,0,0
2026-07-02T14:26:09.570Z,30.92,67.834,520,0,2,83,27.17,73.323,0,955.082,0,0,30.74,72.352,694,0,2,201,29.773,72.561,607,0,2,137,31.49,67.085,725,0,3,226,0,0,0,0,0,0,0,0,0,0,0,0,0,0,0,0,0,0,48,60,2161,1,0,0
2026-07-02T14:26:19.636Z,30.953,67.822,517,0,2,81,27.175,73.311,0,955.034,0,0,30.728,72.396,686,0,2,194,29.763,72.686,608,0,2,137,31.449,67.029,718,0,3,220,0,0,0,0,0,0,0,0,0,0,0,0,0,0,0,0,0,0,48,60,2183,1,0,0
2026-07-02T14:26:29.702Z,30.929,67.824,533,0,2,91,27.17,73.276,0,955.11,0,0,30.703,72.46,718,0,3,220,29.711,72.94,608,0,2,137,31.434,67.108,729,0,3,230,0,0,0,0,0,0,0,0,0,0,0,0,0,0,0,0,0,0,48,60,2179,1,0,0
2026-07-02T14:26:39.767Z,30.953,67.793,530,0,2,89,27.16,73.299,0,955.038,0,0,30.708,72.472,710,0,2,214,29.707,72.985,566,0,2,110,31.455,67.134,700,0,2,206,0,0,0,0,0,0,0,0,0,0,0,0,0,0,0,0,0,0,48,60,2192,1,0,0
2026-07-02T14:26:49.848Z,30.938,67.829,505,0,2,75,27.165,73.293,0,955.13,0,0,30.713,72.472,709,0,2,213,29.808,72.869,579,0,2,118,31.498,67.1,714,0,2,217,0,0,0,0,0,0,0,0,0,0,0,0,0,0,0,0,0,0,48,60,2153,1,0,0
2026-07-02T14:26:59.913Z,30.929,67.781,506,0,2,75,27.16,73.229,0,955.066,0,0,30.702,72.489,718,0,3,221,29.858,72.575,588,0,2,124,31.403,67.141,697,0,2,203,0,0,0,0,0,0,0,0,0,0,0,0,0,0,0,0,0,0,48,60,2141,1,0,0
2026-07-02T14:27:09.963Z,30.957,67.87,519,0,2,83,27.15,73.252,0,955.05,0,0,30.729,72.411,700,0,2,205,29.86,72.602,585,0,2,122,31.442,67.174,707,0,2,212,0,0,0,0,0,0,0,0,0,0,0,0,0,0,0,0,0,0,48,60,2140,1,0,0
2026-07-02T14:27:20.028Z,30.956,67.857,518,0,2,82,27.16,73.27,0,955.094,0,0,30.753,72.463,682,0,2,191,29.787,72.654,626,0,2,150,31.429,67.067,705,0,2,210,0,0,0,0,0,0,0,0,0,0,0,0,0,0,0,0,0,0,48,60,2182,1,0,0
2026-07-02T14:27:30.093Z,30.965,67.998,491,0,2,67,27.165,73.316,0,955.13,0,0,30.812,72.516,705,0,2,210,29.714,72.749,610,0,2,139,31.451,67.144,704,0,2,209,0,0,0,0,0,0,0,0,0,0,0,0,0,0,0,0,0,0,48,60,2162,1,0,0
2026-07-02T14:27:40.142Z,30.981,67.974,519,0,2,83,27.17,73.357,0,955.165,0,0,30.819,72.456,715,0,2,218,29.737,72.82,624,0,2,148,31.437,67.123,705,0,2,209,0,0,0,0,0,0,0,0,0,0,0,0,0,0,0,0,0,0,48,60,2160,1,0,0
2026-07-02T14:27:50.143Z,30.946,67.81,492,0,2,68,27.16,73.362,0,955.094,0,0,30.729,72.275,694,0,2,201,29.629,72.983,629,0,2,152,31.248,67.298,694,0,2,201,0,0,0,0,0,0,0,0,0,0,0,0,0,0,0,0,0,0,48,60,2158,1,0,0
2026-07-02T14:28:00.143Z,30.956,67.856,508,0,2,76,27.16,73.351,0,955.094,0,0,30.709,72.403,685,0,2,193,29.681,73.335,622,0,2,147,31.258,67.47,702,0,2,207,0,0,0,0,0,0,0,0,0,0,0,0,0,0,0,0,0,0,48,60,2193,1,0,0
2026-07-02T14:28:10.144Z,30.992,67.84,546,0,2,98,27.165,73.599,0,955.102,0,0,30.734,72.663,721,0,3,223,29.687,73.491,610,0,2,139,31.099,68.206,838,0,3,409,0,0,0,0,0,0,0,0,0,0,0,0,0,0,0,0,0,0,48,60,2204,1,0,0
2026-07-02T14:28:20.144Z,31.002,67.819,509,0,2,77,27.155,73.564,0,955.086,0,0,30.62,72.68,689,0,2,196,29.736,73.487,592,0,2,127,31.115,68.383,803,0,3,304,0,0,0,0,0,0,0,0,0,0,0,0,0,0,0,0,0,0,48,60,2149,1,0,0
2026-07-02T14:28:30.145Z,31.024,67.643,491,0,2,67,27.155,73.425,0,955.17,0,0,30.654,72.741,672,0,2,183,29.704,73.481,661,0,2,175,31.131,68.274,700,0,2,205,0,0,0,0,0,0,0,0,0,0,0,0,0,0,0,0,0,0,48,60,2157,1,0,0
2026-07-02T14:28:40.145Z,31.048,67.57,505,0,2,75,27.15,73.344,0,955.162,0,0,30.717,72.582,705,0,2,210,29.78,73.218,689,0,2,197,31.141,68.119,691,0,2,198,0,0,0,0,0,0,0,0,0,0,0,0,0,0,0,0,0,0,48,60,2166,1,0,0
2026-07-02T14:28:50.146Z,30.943,67.591,554,0,2,103,27.15,73.396,0,955.162,0,0,30.606,72.691,761,0,3,259,29.733,73.113,668,0,2,180,31.125,68.132,749,0,3,248,0,0,0,0,0,0,0,0,0,0,0,0,0,0,0,0,0,0,48,60,2157,1,0,0
2026-07-02T14:29:00.147Z,30.993,67.668,535,0,2,92,27.155,73.42,0,955.142,0,0,30.532,72.891,717,0,2,219,29.694,73.024,671,0,2,182,31.1,68.113,727,0,3,228,0,0,0,0,0,0,0,0,0,0,0,0,0,0,0,0,0,0,48,60,2160,1,0,0
2026-07-02T14:29:10.149Z,31.023,67.634,520,0,2,83,27.155,73.408,0,955.17,0,0,30.449,73.05,728,0,3,229,29.753,73.54,658,0,2,173,31.154,68.049,712,0,2,216,0,0,0,0,0,0,0,0,0,0,0,0,0,0,0,0,0,0,48,60,2187,1,0,0
